Model: HUAWEI BMH-AN10 
Bistro_YORO,30,26,25,28,30,38,40,41,42,41,42,43,45,54,61,58,59,59,55,54,53,52,53,59,59,59,44,30,33,36,31,29,30,31,32,34,36,38,39,40,43,48,53,46,26,26,33,31,25,32,34,40,41,42,33,24,20,22,26,25,23,21
Memory,51,52,51,51,51,51,50,51,51,51,51,51,50,51,51,50,50,51,50,51,49,51,51,51,50,49,50,50,49,49,49,49,49,51,49,49,51,50,51,51,50,49,50,51,50,49,50,51,49,49,49,50,49,52,51,51,52,51,52,51,52,51,51,51,51,50,49,50,51,51,50,51,50,50,50,51,49,49,51,50,49,49,49,49,49,52,49,51,50,50,51,50,49,49,49,49,51,50,50,50,50,50,50,51,51,51,49,50,50,51,50,51,50,51,49,51,49,52,50,50,51,50,51,50,51
Chat_YORO,47,44,44,47,43,35,39,40,39,35
Memory,69,69,68,69,68,68,69,68,70,69,69,68,69,68,68,68,69,68,69,69,69
Conference_YORO,37,34,35,46,56,57,56,61,60,60,55,55,55,58,51,60,56,47,54,53,53,55,55,53,56,57,56,60,58,57,58,57,56,55,53,56,50,52,55,55,57,44,47,36,45,52,53,57,59,57,56,56,57,54,62,61,61,60,62,61,61,62,59
Memory,58,59,59,58,58,59,58,59,58,58,58,58,58,58,58,58,58,58,58,58,58,60,58,58,58,59,58,58,58,58,58,58,59,58,58,60,59,59,58,59,58,58,58,58,60,59,59,58,58,58,58,58,58,59,58,58,59,58,60,58,58,60,58,58,58,58,59,58,58,58,58,58,58,58,59,59,60,58,58,60,58,60,59,60,60,58,60,60,59,58,60,59,59,58,58,58,58,58,58,58,58,59,58,58,58,58,58,58,58,58,58,58,58,58,58,58,58,58,58,58,58,58,58,58,58,58,58
Sponza_YORO,47,48,51,53,56,56,58,57,55,52,50,47,50,52,52,52,49,49,52,52,57,56,54,53,50,51,50,55,54,59,59,58,58,51,51,54,52,56,56,59,56,53,49,48,48,48,55,57,56,54
Memory,49,49,49,49,49,49,49,49,51,50,49,50,49,50,49,49,49,50,49,49,49,50,49,49,49,50,51,51,50,51,49,49,50,49,49,51,49,50,50,50,49,49,51,50,49,51,49,50,49,49,49,49,49,49,49,49,50,49,49,49,51,50,51,49,49,50,50,51,49,49,50,49,50,50,50,49,50,49,50,49,49,50,49,49,49,50,49,49,49,50,49,49,49,49,49,49,49,50,50,51,51
LostEmpire_YORO,37,55,60,61,60,59,59,50,56,56,60,58,54,60,54,46,60,59,61,54,51,54,44,28,47,54,55,54,57,52,56,58,56,55,56,56,55,53,55,44,51,49,49,53,50,50,52,52,51,47,49,46,50,52,55,56,57,51,55,56,56,55,54,54,56,51,49,51,54,53,52,51,53,51,50,53,53,54,54,53
Memory,49,50,48,48,48,48,48,48,48,48,50,49,48,49,50,48,48,48,48,50,48,49,48,48,49,48,48,48,50,48,48,48,48,50,48,48,48,48,50,48,48,49,48,48,48,48,49,48,50,50,48,48,49,49,50,48,48,48,49,48,48,48,48,48,48,49,50,49,50,48,49,48,48,49,49,48,50,48,48,48,49,48,49,48,49,48,49,49,49,50,48,49,50,49,48,48,49,50,50,49,48,49,48,48,49,48,49,50,49,48,48,49,49,48,50,49,50,49,50,48,50,49,48,48,49,50,48,48,48,48,48,50,48,48,48,48,49,50,49,48,48,50,48,49,50,48,48,50,49,49,49,50,48,49,48,48,48,49,48,49,48
Prototype_YORO,56,58,58,58,58,60,60,62,60,57,51,55,50,55,57,58,62,60,62,60,60,61,62,61,61,59,54,62,60,61,58,62,59,61,60,61,61,61,57,57,57,54,53,58,57,60,62,61,61,58,55,54,57,53,56,58,59,62,61,59,57,59,60,62,58,54,52,52,52,54,58,61,61,54,48,52,60,61,59,59,58
Memory,53,53,55,53,55,53,53,53,53,53,53,53,53,53,53,53,53,53,53,53,53,53,53,53,54,53,53,53,53,53,53,53,53,53,53,53,53,53,53,53,53,53,53,53,53,53,53,53,53,53,53,53,54,53,53,53,53,53,53,53,53,53,53,53,53,54,53,53,53,53,53,53,53,53,53,53,53,53,53,53,53,53,55,53,54,53,53,54,53,53,53,53,53,53,53,53,53,53,54,55,54,55,53,55,53,53,53,54,53,53,53,53,53,53,53,53,53,53,53,53,53,53,53,53,53,53,53,53,53,53,55,54,53,53,53,55,54,54,53,53,53,53,53,53,53,53,53,53,53,53,53,53,53,53,53,53,53,53,53,53,53,54
SciFiCity_YORO,35,31,40,44,60,40,29,51,60,59,59,61,59,56,59,61,52,32,23,29,55,61,31,31,48,42,39,33,50,58,62,61,61,39,30,53,49,50,58,60,44,48,47,48,44,44,55,47,49,44,44,52,51,39,48,54,53,57,46,40,42,57,47,21,43,47,48,56,55,39,34,41,55,49,28,57,52,41,53,53
Memory,60,59,58,58,60,58,58,58,58,59,59,58,58,59,58,58,58,58,58,58,58,58,58,58,58,58,59,58,58,58,58,58,58,60,60,59,59,60,58,58,58,58,58,58,60,59,60,60,58,58,58,59,59,60,59,58,58,58,58,58,58,58,58,58,58,58,59,60,59,58,60,58,58,58,60,58,58,58,58,60,59,59,58,58,58,59,59,59,58,58,58,60,59,58,59,59,58,58,59,59,59,58,58,58,58,59,59,60,59,58,58,60,58,60,58,58,60,59,58,58,59,58,58,58,59,58,58,59,60,58,58,58,58,58,60,58,58,58,59,60,60,58,58,59,59,58,59,60,60,58,58,58,60,58,60,58,58,58,58,58
UnityChan_YORO,56,58,58,59,60,59,56,57,56,58,59,58,58,59,59,59,58,60,58,57,56,60,61,62,61,59,57,56,57,60,59,58,59,60,62,55,57,56,53,59
Memory,60,60,60,59,58,59,59,58,58,60,60,59,60,58,59,58,58,58,58,59,59,60,58,59,59,60,58,59,60,58,58,60,58,59,59,58,58,60,58,58,58,58,58,58,58,58,58,58,58,58,59,58,60,59,59,58,59,59,58,59,60,59,59,58,59,59,58,58,58,58,58,58,59,58,58,58,58,59,60,60
Bistro_Fink,22,24,24,28,29,27,31,32,27,38,42,41,45,56,60,58,56,58,46,42,43,45,47,52,60,46,35,25,29,31,27,25,24,19,26,32,33,35,34,32,40,42,51,30,22,18,29,30,32,36,38,45,51,50,32,26,22,22,28,30,28,25
Memory,51,51,51,51,50,51,51,52,51,51,50,52,51,50,51,51,51,49,49,49,49,50,49,49,49,49,49,49,49,49,49,49,49,49,49,49,49,49,49,49,49,49,49,49,49,49,49,49,49,49,49,51,49,52,51,49,51,51,51,52,51,52,51,51,51,52,49,52,51,52,52,51,49,50,49,49,52,49,51,49,49,52,49,49,49,49,49,52,52,49,52,50,49,49,49,50,49,52,50,51,49,49,49,49,49,49,49,49,52,52,50,52,51,50,51,50,51,49,51,51,49,51,51,50,51
Chat_Fink,50,45,45,54,58,54,53,54,54,52
Memory,68,68,68,68,68,68,68,68,68,68,68,68,68,68,68,68,68,68,68,68,69
Conference_Fink,59,59,61,60,58,58,57,62,62,59,59,53,57,58,55,56,60,60,58,55,56,55,55,57,54,59,57,58,60,61,61,61,58,58,56,59,59,53,47,54,54,54,54,54,54,56,45,44,51,49,52,52,55,57,59,61,58,56,56,58,59,59,56
Memory,58,58,58,58,58,58,58,58,58,58,58,58,58,58,58,58,58,58,58,58,58,58,58,60,58,58,58,58,58,58,58,58,58,58,58,58,58,58,58,58,58,58,58,58,59,58,58,58,58,58,58,58,58,58,58,58,58,58,58,58,58,58,58,58,58,58,58,60,58,58,58,58,58,58,59,58,59,58,58,58,58,58,58,58,58,58,59,58,58,58,58,58,59,58,58,58,58,58,58,58,60,58,58,58,58,60,58,58,58,58,58,58,58,58,58,58,58,58,58,58,58,58,58,58,58,58,58
Sponza_Fink,37,39,42,41,44,45,45,42,40,39,37,36,37,37,36,36,35,37,38,38,43,44,44,43,37,37,38,39,43,45,46,42,40,36,36,38,39,43,43,44,39,36,36,37,37,37,40,41,40,36
Memory,49,49,51,49,49,49,49,49,49,49,49,49,51,49,49,49,49,49,49,51,50,49,50,50,49,49,50,49,50,49,50,49,50,49,49,49,49,49,50,49,49,51,50,49,49,49,49,49,51,49,49,49,51,49,49,49,49,50,49,49,49,49,49,49,49,51,49,49,49,49,49,49,50,50,49,51,49,49,49,49,49,49,49,49,49,49,49,49,49,49,49,49,49,50,49,49,50,50,50,49
LostEmpire_Fink,46,46,54,62,58,55,56,44,47,53,55,45,55,61,61,54,51,50,59,46,57,60,45,45,43,45,52,49,45,49,53,50,47,51,48,49,51,45,42,41,44,41,41,40,42,43,41,40,42,42,39,41,42,43,39,38,39,39,44,47,46,48,44,43,43,42,43,46,46,47,45,45,45,44,44,37,35,39,39,41
Memory,48,48,48,48,48,48,48,48,48,48,48,48,49,48,48,48,48,48,48,48,48,48,48,49,48,48,48,48,48,48,48,48,48,48,48,48,48,48,49,48,48,48,48,48,48,48,48,48,48,48,48,48,48,48,48,48,48,50,48,48,48,48,50,48,48,48,48,48,48,48,48,48,49,48,48,48,49,48,48,48,48,48,48,48,48,48,48,49,48,48,48,48,48,48,48,48,48,48,48,48,48,48,48,50,49,48,48,48,48,49,50,49,48,48,49,48,48,48,48,48,48,48,48,50,48,48,48,48,48,48,48,48,48,48,48,49,48,48,48,48,48,48,49,48,48,48,48,50,48,48,49,48,48,48,48,48,49,48,48,48,48
Prototype_Fink,58,57,54,54,53,57,58,51,53,50,51,51,47,43,45,50,58,56,58,61,61,61,59,54,58,58,55,55,52,52,62,61,61,62,61,61,62,57,53,49,46,46,47,52,52,57,59,60,60,54,50,54,48,50,49,54,56,57,54,53,55,59,61,52,46,46,50,55,51,43,52,52,57,46,49,59,57,57,59,58
Memory,55,54,53,54,53,53,53,54,55,53,53,53,53,53,53,53,53,53,53,53,53,53,53,54,53,54,53,53,53,53,53,53,53,53,53,53,53,53,53,53,53,53,53,53,53,53,53,53,53,53,53,53,53,53,53,53,53,54,53,53,53,53,53,53,53,53,53,53,53,53,53,53,53,53,55,53,55,53,53,53,53,53,54,55,53,53,53,53,53,53,53,53,53,53,53,53,53,53,53,55,54,54,55,53,53,55,53,53,53,54,53,54,53,53,53,53,53,53,55,54,54,53,53,53,53,53,53,53,53,53,53,55,53,55,54,54,54,53,53,53,53,53,53,53,53,53,53,53,53,53,53,53,53,53,53,53,53,53,53,53,53
SciFiCity_Fink,25,37,41,56,59,34,48,51,54,58,58,61,59,54,54,56,42,27,28,39,52,61,29,24,36,37,31,26,46,62,61,61,62,46,26,50,49,41,44,57,38,39,38,44,32,40,52,41,52,38,32,46,46,33,42,58,61,55,37,41,40,52,46,31,38,40,49,52,56,32,26,45,56,50,33,60,44,41,52,57
Memory,58,58,58,59,58,58,58,58,58,58,60,58,58,58,58,58,58,58,58,58,58,58,58,58,58,60,60,58,58,58,58,58,58,60,59,59,61,61,59,58,58,58,58,58,61,61,61,59,59,60,61,58,59,59,61,58,58,58,58,58,58,58,58,58,58,58,58,61,60,58,58,58,59,60,59,58,58,58,58,58,58,60,58,60,58,60,58,58,60,58,59,60,58,58,60,58,58,58,59,58,59,59,58,58,58,59,58,59,59,58,58,58,58,58,58,58,59,58,60,58,60,59,58,58,60,60,58,60,58,59,58,58,59,58,58,58,58,59,59,59,61,58,58,59,58,58,58,61,61,58,58,58,58,58,61,58,58,58,58,58
UnityChan_Fink,47,46,48,50,51,53,53,52,51,51,49,46,47,50,50,50,50,55,57,54,48,46,49,50,45,44,44,45,47,51,51,43,49,52,50,41,40,41,41
Memory,60,58,60,58,58,58,59,59,59,58,60,58,59,58,59,58,58,58,59,60,59,60,59,59,60,59,59,58,58,58,58,59,58,58,58,58,60,58,58,58,58,58,58,58,58,58,58,60,58,58,58,58,58,58,58,58,59,59,60,58,58,58,60,60,58,59,58,58,58,58,58,58,58,58,58,59,58,58,59
Bistro_Conventional,12,12,12,15,15,24,28,28,24,27,26,28,34,44,47,45,44,41,40,37,36,34,40,43,45,38,20,17,22,16,15,15,18,20,21,23,21,25,26,27,31,37,32,16,17,20,23,24,23,30,33,38,38,28,18,18,18,19,19,20,17
Memory,55,55,55,55,55,55,55,55,55,55,53,53,54,53,54,53,55,53,53,54,55,55,54,53,54,54,53,53,53,53,53,53,55,53,53,54,53,55,53,54,55,53,53,54,53,53,53,53,55,53,54,54,54,55,55,55,55,56,55,55,55,55,55,56,55,56,54,55,54,54,53,53,53,54,54,53,53,55,54,55,53,55,53,53,53,54,54,55,54,56,53,54,55,54,53,53,54,53,53,54,55,53,53,53,53,53,54,55,54,55,55,55,55,54,55,55,56,55,53,55,56,56,54
Chat_Conventional,42,39,39,43,43,41,40,40,42,42
Memory,69,69,70,69,69,69,71,69,69,69,69,71,70,69,69,70,69,69,69,69,69
Conference_Conventional,45,45,46,46,44,46,47,51,52,49,44,41,43,45,46,47,44,42,43,42,42,43,42,42,44,46,45,46,46,43,44,44,42,41,42,41,42,42,40,40,41,41,42,42,43,43,44,43,45,44,44,43,43,47,53,55,46,46,46,46,46,46,46
Memory,60,60,60,60,60,60,60,60,60,60,60,61,60,60,60,61,60,60,60,60,60,60,60,60,60,61,60,60,60,60,60,60,61,60,60,60,60,60,60,60,60,60,60,60,60,60,60,60,60,60,60,60,60,60,60,60,60,60,60,60,60,60,60,60,61,60,60,61,60,61,60,60,60,60,60,60,60,60,60,60,60,60,60,60,60,60,60,60,60,60,60,60,60,60,60,60,60,60,60,60,60,60,60,60,60,60,60,60,60,60,60,60,60,60,60,60,60,60,60,60,60,60,60,60,60,60,60
Sponza_Conventional,31,33,34,38,41,41,40,38,37,35,35,35,35,33,36,35,36,35,37,37,40,37,40,39,36,34,36,37,40,41,40,40,37,33,34,37,39,41,42,37,38,35,32,33,33,36,37,39,39,33
Memory,50,51,50,50,51,51,52,50,50,51,50,50,50,50,50,50,50,50,52,50,50,52,50,51,50,52,51,50,50,52,52,51,51,51,51,50,51,52,50,52,50,52,51,50,50,50,50,50,50,50,52,50,52,50,50,51,50,52,50,50,52,50,50,50,52,51,50,50,52,50,51,51,50,50,52,50,51,50,52,52,50,50,50,52,51,52,50,51,50,50,51,52,50,52,50,50,50,52,50,50
LostEmpire_Conventional,37,39,44,47,45,43,43,35,38,43,43,42,43,49,48,42,44,44,44,36,37,37,32,34,34,39,39,38,39,39,38,40,40,40,39,41,38,39,35,32,35,33,33,35,35,33,36,38,33,33,32,34,34,38,39,40,37,35,36,40,40,37,37,38,37,34,34,35,37,37,35,36,36,34,36,36,38,36,37,37
Memory,49,49,49,49,49,49,49,49,49,51,49,49,49,50,49,49,51,49,49,49,50,49,49,50,49,49,49,49,50,49,49,49,49,49,49,49,51,49,50,49,49,51,49,49,49,50,49,50,49,51,49,49,50,51,51,49,49,49,51,49,49,49,49,49,51,49,51,50,49,49,49,49,49,49,49,50,50,49,50,50,51,49,50,50,51,49,49,50,50,50,51,51,50,49,49,51,49,50,49,49,49,49,50,49,49,49,50,49,51,50,51,49,49,51,49,49,49,49,50,51,49,49,50,49,49,50,51,50,49,49,49,51,49,51,51,51,49,49,49,50,51,51,49,50,51,49,50,50,50,51,51,49,50,50,49,50,49,49,50,50
Prototype_Conventional,41,40,39,42,42,43,44,45,43,39,38,37,36,38,39,40,44,44,44,46,48,46,46,45,45,43,45,46,46,47,53,55,55,54,56,53,51,43,41,42,38,36,37,42,40,45,45,46,45,41,36,38,38,38,39,38,42,46,42,41,41,46,47,42,37,36,35,37,37,39,44,46,39,39,39,43,44,47,44,43
Memory,55,55,54,54,54,54,54,54,54,54,54,55,54,54,54,54,54,54,55,55,54,54,55,54,54,54,54,55,54,54,55,54,54,54,54,55,54,54,54,54,54,54,54,54,54,54,54,54,54,54,56,54,54,54,54,54,54,54,54,54,56,54,54,54,54,54,54,54,54,54,54,54,54,54,54,54,55,54,54,54,56,54,55,54,55,55,54,54,54,54,55,54,54,54,54,54,54,54,54,54,54,54,55,54,54,54,54,54,54,55,54,54,54,54,54,54,54,54,56,54,55,54,54,54,54,54,54,54,54,54,56,56,56,56,55,55,54,54,55,54,54,54,54,54,55,54,54,55,54,54,54,54,54,54,54,56,56,54,54,55
SciFiCity_Conventional,22,20,27,34,46,24,27,36,41,42,40,45,43,37,40,43,33,16,18,28,38,47,16,21,29,26,24,23,39,49,51,48,44,27,24,33,30,33,39,43,28,30,34,31,29,29,35,35,36,25,27,39,30,29,34,37,41,44,26,31,31,40,29,25,28,30,32,42,31,21,28,35,40,19,38,36,33,31,33
Memory,60,60,58,58,60,60,58,58,58,58,59,60,58,59,59,60,59,59,59,58,60,58,58,58,58,58,61,59,60,58,59,58,60,60,60,60,60,60,60,58,58,58,58,59,61,59,60,58,59,59,60,60,60,60,60,60,58,58,58,58,58,58,58,58,60,58,60,60,60,60,58,60,60,60,60,59,58,59,58,58,60,58,59,59,58,60,60,60,59,60,59,60,59,60,60,58,58,58,60,59,60,59,58,58,60,60,60,59,60,60,59,59,58,58,58,58,59,58,59,60,60,58,58,60,60,60,60,60,60,59,60,58,58,59,58,58,59,60,60,60,60,60,59,58,60,59,59,61,58,58,60,60,58,60,58,58,58,58,58
UnityChan_Conventional,42,41,41,42,43,44,38,39,41,42,42,42,42,44,44,44,42,43,40,39,39,39,42,44,40,40,40,41,41,42,44,41,42,42,38,35,36,34,38
Memory,60,60,59,59,58,60,58,59,60,58,59,58,58,58,60,58,58,58,59,58,60,60,61,59,59,60,59,60,60,60,58,60,60,59,59,58,60,59,60,58,58,58,58,58,59,58,59,59,58,58,59,58,60,59,60,59,60,61,60,59,61,60,59,60,60,59,59,59,59,60,59,59,59,59,59,59,59,59,60
Bistro_SPI,5,4,4,4,6,9,10,15,17,19,18,23,44,54,58,61,62,59,53,50,43,47,57,49,19,5,4,4,4,4,4,5,4,5,6,9,9,11,23,33,15,5,6,7,9,14,22,36,53,55,12,4,6,6,5,6,8
Memory,50,51,51,51,51,51,50,52,50,50,50,50,51,50,51,50,50,49,49,50,50,50,49,49,49,49,49,49,49,49,49,49,49,49,49,50,50,51,50,50,49,49,50,50,49,50,51,50,50,50,52,52,51,52,52,51,52,51,52,51,51,51,51,52,52,52,51,50,50,52,51,50,51,50,51,50,50,49,51,50,51,51,51,52,51,51,50,50,50,50,50,51,51,51,49,49,51,49,49,50,51,50,51,51,51,51,50,52,51,51,50,52,51,52,51
Chat_SPI,45,46,45,56,52,47,51,44,53,55
Memory,69,70,68,68,68,68,68,70,69,68,69,69,70,68,68,70,68,69,68,70,69
Conference_SPI,60,61,62,61,61,62,61,60,62,61,61,60,61,62,60,61,60,61,56,52,54,57,60,60,61,61,61,61,62,61,62,61,60,57,59,59,58,58,57,55,56,56,56,60,62,62,61,62,61,62,61,59,57,58,60,61,61,61,62,60,60,62,61,61
Memory,58,58,58,58,58,58,58,58,58,58,58,58,58,58,58,58,58,58,58,58,58,58,58,58,58,58,58,58,58,58,58,58,58,58,58,58,60,59,60,59,60,59,59,58,58,58,59,59,58,58,58,58,58,58,58,58,58,58,58,58,58,58,58,58,58,59,60,58,59,60,60,59,58,58,59,59,59,59,60,59,59,58,60,59,59,58,58,58,58,58,58,58,58,58,58,58,58,58,58,58,58,58,58,59,60,58,59,58,58,58,58,58,58,58,58,58,58,58,58,58,58,58,58,58,58,58,58,58,58
Sponza_SPI,28,33,40,53,62,61,60,60,61,61,62,61,62,52,44,60,59,61,62,62,61,61,60,60,45,32,36,46,60,61,60,62,61,37,34,39,50,61,62,61,60,42,32,32,31,33,44,59,62,58
Memory,50,49,50,49,51,50,50,50,49,49,49,49,49,49,49,49,49,49,49,49,49,49,49,49,49,49,49,51,49,49,49,49,49,49,51,49,49,49,49,49,49,49,49,49,49,49,49,49,50,51,50,50,50,50,50,50,50,49,49,49,49,49,49,49,49,50,50,50,51,50,51,50,49,50,49,49,49,49,49,49,49,49,50,50,50,51,50,50,50,50,51,50,49,50,51,49,49,49,49,50,50
LostEmpire_SPI,8,21,55,48,29,51,14,9,14,15,21,22,44,55,25,37,40,43,46,13,6,8,10,29,40,19,23,31,24,22,24,31,24,15,17,17,8,8,10,10,24,21,13,17,23,10,10,14,18,26,33,40,40,12,23,40,36,35,31,32,22,9,12,30,31,33,16,17,21,16,25,25,24,16,10,12
Memory,50,50,50,50,48,48,48,48,50,48,48,48,48,49,48,50,50,48,48,49,50,48,49,50,49,48,48,48,50,49,50,49,50,48,48,48,49,50,50,49,50,48,50,49,48,50,49,49,49,50,49,49,50,50,50,48,48,49,49,50,49,49,49,49,49,50,50,49,50,50,50,49,50,49,49,50,50,49,50,50,49,48,50,49,49,49,49,50,50,49,49,50,50,49,49,49,50,49,50,49,49,50,49,48,50,49,49,49,50,48,48,50,49,50,49,50,48,48,49,49,49,50,49,49,50,48,50,49,49,49,49,50,49,48,50,50,49,50,48,48,50,49,49,50,50,48,49,49,49,49,48,48
Prototype_SPI,40,47,57,52,55,62,61,61,59,46,39,35,35,42,52,61,61,61,61,62,62,61,61,60,55,46,59,60,61,61,62,60,60,61,61,61,62,51,38,39,41,30,31,50,62,61,62,61,62,59,38,30,30,33,38,46,59,62,61,60,53,61,61,61,48,28,31,30,33,35,45,58,61,51,45,59,60,61,60,58,45
Memory,55,55,54,55,55,55,56,55,54,55,53,53,53,53,53,53,53,55,54,55,55,54,55,56,55,55,55,56,55,54,56,53,53,53,53,53,55,53,53,53,53,53,53,53,53,53,53,53,53,55,55,54,55,53,53,53,53,53,53,53,53,53,53,53,53,54,53,53,53,53,53,53,53,53,55,55,56,55,54,54,54,56,54,55,55,55,54,53,53,53,53,53,53,53,53,53,53,53,53,54,56,56,56,56,55,55,55,55,55,56,56,55,55,53,53,53,53,53,53,55,54,55,53,53,53,53,53,53,53,55,54,55,55,55,56,55,55,55,55,55,54,55,54,53,53,53,54,55,55,55,54,53,53,53,53,53,53,53,53,54,55,56,55
SciFiCity_SPI,20,35,32,56,60,26,38,48,59,61,59,62,53,39,60,62,42,18,18,33,53,61,18,18,19,16,16,17,42,61,62,61,61,32,18,38,30,38,50,50,26,27,44,33,26,27,38,40,58,29,27,52,43,23,32,50,60,61,34,30,26,61,23,17,15,18,23,44,32,18,16,17,30,22,24,58,46,20,43,39
Memory,59,60,60,58,59,60,60,57,57,59,60,60,58,58,60,60,57,57,57,57,58,57,57,57,57,60,59,59,57,57,57,57,59,60,59,60,59,60,59,59,58,57,57,59,60,60,60,60,59,60,60,60,60,60,60,59,59,57,57,57,57,57,57,57,57,57,60,59,60,59,59,59,59,60,60,59,58,59,57,59,59,60,59,60,60,59,59,59,59,60,60,59,59,59,59,57,57,59,60,60,58,59,59,57,57,60,59,58,59,58,59,60,57,57,57,57,60,60,59,58,60,59,57,59,59,60,59,60,60,60,59,60,60,59,60,59,59,60,59,60,60,60,60,59,59,58,60,60,60,57,57,59,58,59,59,59,59,58,59,60
UnityChan_SPI,62,60,61,62,61,61,62,60,61,61,61,61,61,61,61,62,61,60,61,61,62,60,61,62,61,61,61,61,62,60,61,61,62,62,61,60,62,61,62,62
Memory,59,59,59,59,59,59,59,59,59,59,59,59,59,59,59,59,59,59,59,59,59,59,59,59,59,59,59,59,59,59,59,59,59,59,59,59,59,59,59,59,59,59,59,59,59,59,59,59,59,59,59,59,59,59,59,59,59,59,59,59,59,59,59,59,59,59,59,59,59,59,59,59,59,59,59,59,59,59,59,59
