Model: HUAWEI FRD-AL00 
Bistro_YORO,7,8,7,8,9,11,12,12,12,13,13,13,16,16,17,16,13,14,15,15,15,16,16,16,12,6,7,6,6,6,7,6,7,7,10,9,10,12,14,15,10,6,7,9,10,12,13,14,15,17,7,8,7,7,7,7,6
Memory,73,75,74,73,74,73,74,74,73,73,73,73,73,74,74,73,73,74,74,73,73,74,74,73,72,74,74,73,73,73,73,73,74,73,74,73,73,74,74,73,73,72,74,73,73,73,72,74,74,74,74,74,73,74,74,74,74,74,74,74,74,75,74,74,73,74,73,74,74,74,73,74,73,74,73,73,72,74,74,73,74,73,74,74,74,73,74,73,73,73,73,74,74,73,73,73,73,72,73,73,73,74,74,73,74,75,74,74,73,73,75,73,74,74
Chat_YORO,13,13,13,14,14,14,14,14,13,14
Memory,92,91,92,91,92,91,92,91,92,91,92,91,90,92,91,92,91,91,91,92
Conference_YORO,17,17,16,17,16,16,16,17,17,16,16,17,17,18,16,17,17,16,15,15,16,15,16,15,16,16,17,16,16,17,15,14,15,14,14,16,14,14,16,16,16,15,17,15,15,16,16,15,16,14,14,14,17,17,15,17,15,17,16,17
Memory,81,81,81,81,82,82,82,81,81,81,83,82,82,82,82,81,81,83,82,82,81,81,81,82,82,82,82,81,81,82,82,82,81,81,82,82,82,81,82,82,81,81,82,82,81,81,82,82,81,81,81,82,82,82,82,81,81,82,82,82,81,81,82,81,81,82,82,81,82,82,81,81,82,81,83,82,81,81,82,82,82,81,82,82,82,82,81,83,82,81,81,81,82,82,81,81,81,82,82,81,82,82,81,82,82,81,82,82,82,81,83,83,82,81,81,81,82,82,81,81,81
Sponza_YORO,14,13,15,17,18,18,16,16,16,15,16,15,16,15,17,18,15,16,18,17,17,17,17,15,15,16,16,16,16,17,16,15,14,16,15,17,16,17,15,15,15,14,14,16,15,16,16,15
Memory,74,74,73,73,73,73,72,72,72,72,72,72,72,73,73,74,72,72,72,73,73,73,73,72,72,72,73,73,73,73,73,73,72,72,73,73,73,73,73,73,72,72,72,72,72,72,72,72,73,73,72,73,73,73,72,72,72,73,73,73,72,72,74,73,72,73,72,73,73,73,72,72,72,73,73,73,73,73,73,72,73,73,72,73,73,72,74,72,72,72,72,73,73,73,73,72
LostEmpire_YORO,13,14,15,17,15,16,14,14,14,15,15,15,16,15,15,15,14,15,16,15,14,13,15,14,14,13,14,14,14,15,14,15,13,14,15,13,15,14,15,13,14,14,14,14,15,15,14,14,14,14,14,14,14,14,13,15,14,15,14,15,15,14,14,14,15,14,15,14,14,14,14,14,15,16,15,14
Memory,72,72,71,73,72,71,73,73,72,71,71,72,72,71,72,72,72,73,72,72,73,72,72,71,71,72,72,71,72,71,71,72,71,72,72,71,72,72,71,72,71,73,72,71,73,72,71,73,72,71,71,73,72,71,72,71,72,71,71,72,72,73,72,71,71,71,73,72,71,73,71,73,72,72,71,71,72,72,71,72,72,71,72,71,73,72,71,73,72,72,71,73,72,72,71,73,72,71,71,72,71,72,71,73,72,71,72,71,73,72,71,73,72,71,72,72,71,72,72,71,72,72,71,73,72,71,73,72,71,71,72,71,72,72,71,73,72,71,72,72,71,72,71,73,72,71,71,73,73,72,72,71,73
Prototype_YORO,15,15,15,15,16,17,18,17,15,13,14,11,13,15,18,17,17,16,14,16,17,16,18,17,15,16,16,17,17,18,17,18,18,18,18,16,15,15,16,12,14,15,16,15,18,16,16,15,13,14,14,14,15,16,15,17,16,15,16,18,17,15,14,13,12,14,15,16,15,15,14,15,16,16,16,15,13
Memory,78,77,77,77,78,77,78,77,77,77,76,77,77,76,78,76,78,78,77,78,77,78,78,77,77,77,78,77,77,77,76,76,76,77,78,77,78,78,76,78,78,77,77,76,76,76,77,76,77,77,76,77,78,78,76,77,77,77,77,77,77,77,77,77,78,78,78,78,78,77,78,77,77,78,76,77,77,78,77,77,78,76,76,76,77,78,78,77,78,78,76,76,76,77,76,78,77,77,78,77,78,77,77,77,77,77,78,77,77,77,76,77,77,77,78,77,76,77,77,77,77,77,76,78,78,78,78,77,78,78,77,78,78,78,77,77,78,77,78,77,77,77,76,78,77,78,77,78,77,77,76,77,78,78
SciFiCity_YORO,8,14,11,14,14,11,14,14,16,16,15,16,14,15,16,12,6,6,10,16,14,6,9,10,8,8,11,18,17,18,15,11,8,13,12,13,15,13,9,11,11,12,11,14,11,13,9,12,14,7,9,13,15,15,12,12,11,17,12,8,10,13,15,15,11,8,11,14,11,9,14,13,11,13
Memory,83,81,82,82,83,82,81,82,82,82,81,82,82,83,83,82,82,81,81,81,83,82,81,81,82,82,82,81,83,82,83,82,83,81,83,82,82,81,81,81,82,82,83,82,83,81,83,82,82,82,82,82,82,81,82,81,82,81,81,81,82,81,83,83,81,83,83,82,83,82,81,82,82,83,81,82,82,81,83,83,82,83,81,83,82,82,82,83,81,82,83,82,82,82,81,82,81,81,83,82,82,82,83,81,83,82,81,82,82,82,81,81,81,81,82,81,83,82,82,82,82,83,82,82,81,82,82,82,83,83,83,82,82,81,82,82,82,82,82,82,81,83,83,83,83,82,82,83,81
UnityChan_YORO,14,13,15,14,14,15,15,15,15,15,14,15,15,13,15,14,15,16,14,15,16,16,16,16,16,15,15,13,14,15,14,14,16,15,14,15,15,14
Memory,83,83,83,83,81,82,82,83,83,83,82,82,83,83,81,82,83,83,81,82,83,81,82,83,82,82,83,82,83,81,83,82,82,83,82,82,83,83,83,83,81,83,81,82,83,81,82,83,81,82,83,82,83,83,83,81,83,82,81,82,83,82,83,83,81,82,81,82,82,83,83,81,82,83,83,81
Bistro_Fink,4,4,4,6,4,6,4,5,5,6,5,6,6,6,7,6,6,5,6,6,6,6,4,4,5,4,4,4,4,4,4,4,4,4,4,5,4,4,4,4,4,4,6,6,5,4,4,4,4,4,4
Memory,79,78,78,79,79,79,78,77,79,78,78,78,76,77,77,77,77,78,77,77,76,76,78,77,76,77,77,78,77,78,77,76,77,77,76,76,78,77,78,77,76,78,77,78,78,77,78,78,77,78,77,79,76,78,77,78,79,77,77,78,77,76,77,78,78,77,77,78,76,77,76,78,79,77,79,79,78,77,76,77,76,76,76,77,77,77,76,78,78,79,78,79,78,78,79,78,79,77,77,78,79,77
Chat_Fink,6,5,5,5,5,5,5,5
Memory,94,92,92,93,94,94,92,92,92,93,93,93,93,94,93,93,93
Conference_Fink,6,6,6,6,6,6,6,6,6,6,6,6,6,6,6,6,7,6,7,7,6,6,6,6,6,7,7,6,6,5,6,6,6,6,6,6,6,6,6,6,6,7,6,5,6,6,7,7,6,6,6,8,8,8
Memory,83,83,84,83,84,83,84,83,84,83,82,83,82,83,84,83,82,84,83,84,83,84,83,84,83,84,83,84,83,84,83,84,84,83,84,83,84,83,84,84,83,82,83,83,84,83,84,83,84,83,84,84,82,84,83,84,83,82,83,84,83,84,83,82,84,83,84,83,84,83,82,83,83,84,83,84,83,82,83,83,84,83,83,84,83,83,84,84,83,82,84,83,82,83,84,83,84,83,84,84,83,84,83,83,83,83,82,83
Sponza_Fink,6,6,6,7,7,8,8,7,7,7,6,6,5,6,6,6,5,6,6,6,5,4,5,6,6,6,6,6,5,6,5,6,6,5,5,4,6,5,5,6,4
Memory,75,75,74,74,74,74,74,74,73,73,74,74,74,75,75,75,74,75,74,74,75,75,74,74,74,74,75,74,75,74,73,74,74,74,75,74,75,74,73,75,75,74,75,74,75,74,74,75,74,75,74,73,74,74,74,74,75,75,74,74,74,75,74,73,74,74,74,75,75,74,75,74,74,74,74,74,74,74,75,74,75,74
LostEmpire_Fink,4,4,4,5,4,4,4,4,4,4,4,4,4,4,4,5,6,6,6,7,6,6,5,6,6,6,6,5,5,5,6,6,6,6,5,6,6,5,6,5,6,5,6,5,6,6,7,6,6,6,6,6,6,6,6,6,6,6,6,6,4,4,5,4,4,4,4,4,4
Memory,73,73,73,73,73,73,72,73,73,73,73,73,73,73,74,74,74,74,72,73,73,73,73,73,73,73,73,73,73,73,73,73,74,73,74,73,72,73,73,74,73,73,74,73,73,73,74,73,74,73,73,74,73,74,74,73,72,72,74,74,73,74,73,72,74,73,74,74,74,73,72,74,73,72,73,74,73,72,74,74,73,72,73,74,73,73,74,72,74,73,74,73,72,73,74,73,72,74,73,74,73,73,74,73,72,74,73,74,73,73,74,73,73,74,73,73,74,73,74,73,74,74,74,72,73,74,74,72,73,73,73,73,73,73,74,74,74,72
Prototype_Fink,6,6,6,6,6,5,6,5,6,5,5,4,5,6,6,6,6,6,6,6,6,6,6,6,6,6,6,6,6,6,5,5,6,6,6,6,6,6,6,6,4,6,6,6,5,6,6,6,6,6,6,4,6,5,6,6,6,6,6,6,6,6,6
Memory,78,78,78,78,78,78,78,77,77,78,78,78,77,77,78,78,79,78,77,78,77,78,77,78,78,78,77,77,78,78,78,77,78,78,77,78,77,78,77,77,77,77,79,78,78,77,77,78,77,78,77,79,78,77,78,77,78,77,78,77,78,78,78,78,78,79,78,79,77,77,78,78,78,77,79,78,77,78,78,78,78,77,78,79,77,78,78,78,78,79,78,77,78,78,78,78,78,77,78,78,77,77,78,78,79,78,77,78,77,78,76,78,77,77,79,77,77,78,77,77,77,79,78,78,78,78,79
SciFiCity_Fink,4,5,5,6,5,4,6,6,6,6,6,7,6,6,4,5,6,7,4,5,6,6,5,7,9,6,6,5,5,6,5,6,5,4,5,5,5,4,5,6,5,4,6,4,4,4,6,5,4,4,6,4,4,4,5,6,6,4,5,6,4,5,6,4,6
Memory,84,83,83,83,83,82,83,81,84,82,82,82,83,82,82,83,81,82,83,81,82,82,82,83,81,82,83,82,82,82,82,82,83,82,82,83,84,83,83,84,82,82,82,83,83,84,81,81,83,81,81,82,81,82,82,82,83,82,84,82,82,83,82,83,82,83,81,83,82,83,82,82,83,84,82,81,84,81,82,82,84,82,83,82,83,82,84,82,82,82,81,82,83,82,83,82,82,83,83,81,81,83,84,83,82,83,83,82,82,81,82,83,83,84,82,84,82,82,83,82,84,84,81,82,81,83,83,82,83,82,82
UnityChan_Fink,6,6,6,6,6,6,6,6,6,6,6,5,6,6,5,6,6,6,6,6,5,5,6,4,4,5,6,4,5,5
Memory,83,82,82,82,82,83,83,83,83,81,82,84,82,82,82,83,83,81,82,82,83,81,82,83,83,83,83,81,82,82,82,82,82,82,82,82,82,82,83,83,82,82,83,81,82,82,83,82,83,82,83,83,83,83,82,82,83,83,82,82,83
Bistro_Conventional,4,4,4,4,4,4,4,4,4,4,6,6,6,6,6,6,6,6,5,6,6,6,5,4,4,4,4,4,4,4,4,4,4,4,4,4,4,4,4,4,4,5,6,6,6,4,4,4,4,4,4
Memory,78,79,78,79,77,79,77,78,77,77,78,76,77,77,77,77,77,77,77,77,78,77,77,78,76,77,77,78,76,77,77,78,76,77,78,78,77,76,77,77,78,76,77,78,77,78,79,79,78,78,78,78,80,78,79,77,77,80,78,77,78,77,78,78,78,77,77,77,77,77,76,77,77,79,79,78,78,77,78,77,76,77,78,78,77,76,77,78,77,78,78,79,79,79,78,79,79,78,79,79,78,78,80
Chat_Conventional,6,6,6,6,6,6,6,6
Memory,93,94,92,93,93,94,94,92,93,93,94,94,93,93,93,94
Conference_Conventional,6,6,6,6,6,6,6,6,6,6,6,6,6,7,7,6,6,7,6,6,6,6,6,6,6,6,7,6,6,6,6,6,6,6,6,6,6,6,6,6,6,6,6,6,6,6,6,6,6,6,6,6,6,6,6,6
Memory,84,84,83,83,84,84,83,83,84,84,83,83,84,84,84,83,83,84,84,84,83,83,84,84,84,83,83,84,84,83,84,84,83,83,84,83,83,84,84,82,83,83,84,84,83,83,84,84,83,83,83,84,83,84,84,84,83,83,84,84,83,83,84,83,83,84,84,84,83,83,84,84,83,83,84,84,84,83,83,84,84,83,83,84,84,83,83,83,84,84,83,84,84,83,83,84,84,84,84,83,83,84,84,84,83,83,84,84,84,83,83,84,84
Sponza_Conventional,6,6,6,6,6,6,6,6,6,6,6,6,6,6,6,6,6,6,6,6,6,6,6,6,6,6,6,6,6,6,6,6,6,6,6,6,6,6,6,6,6,6,6,6
Memory,75,74,74,74,73,74,75,74,74,75,75,73,74,75,74,75,74,75,74,75,74,74,75,74,74,74,75,73,74,74,75,73,74,74,75,75,74,74,74,75,73,74,75,75,76,76,74,75,74,75,75,74,74,74,75,75,74,74,75,75,75,75,74,73,74,75,75,73,74,74,75,74,75,75,75,76,75,76,76,74,75,74,75,75,74,74,75,75
LostEmpire_Conventional,6,6,6,6,6,6,6,6,6,6,6,6,6,6,6,6,6,6,6,6,6,6,6,6,6,6,6,6,6,6,6,6,6,6,6,6,6,6,6,6,6,6,6,6,6,6,6,6,6,6,6,6,6,6,6,6,6,6,6,6,6,6
Memory,73,73,74,72,73,73,74,74,73,73,73,74,73,74,74,73,73,74,74,73,73,74,74,72,73,73,74,74,73,73,73,74,74,73,73,73,74,73,73,74,74,73,73,74,74,73,73,73,74,74,73,73,74,74,73,73,74,72,73,74,74,73,74,74,73,74,74,73,73,74,74,73,74,74,73,73,74,73,74,74,73,74,74,73,73,73,74,74,73,74,74,73,73,74,74,73,73,74,74,73,73,74,73,73,74,72,73,73,74,74,73,74,74,73,73,74,74,73,73,74,73,73,74,73,73
Prototype_Conventional,6,6,6,6,6,6,6,6,6,6,6,6,6,6,6,6,6,7,6,6,6,6,6,6,6,6,6,8,8,7,7,7,6,6,6,6,6,7,6,6,6,6,6,6,6,6,6,6,6,6,6,6,7,7,6,6,6,6,6,6,6,6,6,6,6,6,6,6
Memory,78,78,78,78,78,78,77,78,77,78,77,78,77,77,79,77,78,80,77,79,77,79,77,77,77,78,78,78,77,78,78,78,79,77,78,77,78,78,78,77,77,79,79,79,78,78,77,78,77,78,77,78,78,79,78,77,79,78,77,78,77,77,79,78,78,78,78,77,78,79,79,80,77,78,77,78,77,78,77,78,77,78,78,79,78,79,79,78,78,78,77,78,77,79,77,78,77,78,77,77,78,78,78,78,78,77,78,77,78,78,78,78,79,79,80,77,77,78,79,78,77,78,77,79,77,78,79,79,78,78,77,78,78,77,79,77,78
SciFiCity_Conventional,4,4,6,6,5,5,5,6,6,6,6,6,6,5,4,4,4,6,5,4,4,4,4,5,6,6,6,6,5,5,4,4,5,5,4,4,4,4,4,5,4,6,4,4,6,4,4,5,6,6,4,4,6,4,4,4,4,6,5,4,4,5,5,4,6,5,5,5
Memory,85,84,83,83,83,82,82,83,84,84,82,83,83,82,82,81,82,82,82,81,83,83,82,82,82,81,82,84,85,84,84,83,83,82,83,82,86,86,84,83,83,82,83,84,85,84,83,83,82,83,82,83,82,81,83,82,83,84,84,83,83,83,82,82,82,83,83,83,84,83,83,82,83,83,83,84,84,84,83,82,83,82,82,83,83,84,83,83,82,83,84,84,83,83,82,83,83,82,82,82,83,82,83,82,81,83,83,84,84,84,84,83,81,82,83,83,82,84,85,83,85,83,81,83,81,85,86,82,81,82,81,85,83,81,82,81
UnityChan_Conventional,6,6,6,6,6,6,6,6,6,6,6,6,6,6,6,6,6,6,6,6,6,6,6,6,6,6,6,6,6,6,6,6
Memory,83,82,83,83,82,83,83,82,83,82,82,83,82,83,83,82,83,83,82,82,83,83,82,83,83,82,83,83,82,83,82,82,83,82,83,82,83,82,83,82,83,82,82,83,82,82,83,83,82,83,83,82,82,83,83,82,83,82,83,82,83,83,82,83,83
