Model: HUAWEI CDY-AN90 
Bistro_YORO,27,27,29,24,26,26,45,45,46,44,44,45,49,58,60,60,60,60,58,57,56,55,58,60,60,60,42,32,39,36,31,30,33,34,35,39,42,43,44,46,46,51,54,32,24,28,39,41,44,46,51,54,57,56,33,30,36,36,34,35,33,29
Memory,51,51,51,52,49,51,52,49,51,49,51,49,51,49,50,49,49,50,51,51,49,49,50,51,51,50,49,49,49,49,49,49,49,49,49,50,49,50,49,50,51,49,51,50,50,51,50,49,49,49,49,49,50,52,51,51,49,50,51,50,50,52,49,51,51,49,51,51,49,49,50,49,49,50,49,49,49,49,50,50,50,51,50,51,49,49,50,51,51,52,49,50,50,49,49,50,49,51,49,49,50,50,51,50,50,49,50,50,51,51,51,49,51,50,51,49,51,49,51,49,51,51,52,52
Chat_YORO,58,58,45,60,60,60,60,60,59,60
Memory,69,68,68,68,69,68,68,68,68,68,68,68,68,68,68,68,68,68,68,68,68
Conference_YORO,53,57,58,59,60,57,59,60,60,60,57,60,60,60,60,60,60,60,60,60,60,60,59,60,60,60,60,60,60,60,60,60,60,60,60,60,60,60,60,60,60,60,60,60,60,60,60,60,60,60,60,60,58,58,60,59,59,60,60,60,60,60,60
Memory,58,58,60,58,60,58,58,58,58,58,58,58,58,58,58,58,58,58,58,58,58,58,58,58,58,58,58,58,58,58,58,58,58,58,58,58,58,58,58,58,58,58,58,58,58,58,58,58,58,58,58,58,58,58,58,58,60,58,58,58,58,58,58,58,58,58,58,58,58,58,58,58,58,58,58,58,58,58,58,58,58,58,58,58,58,58,58,58,58,58,58,58,58,58,58,58,58,58,58,58,58,58,58,58,58,58,59,58,58,58,58,58,58,58,58,58,58,58,58,58,58,59,58,58,58,58,58
Sponza_YORO,52,55,54,60,60,58,60,60,60,56,54,57,57,55,59,60,58,56,55,59,60,59,60,60,55,55,59,60,60,60,60,60,60,57,57,60,60,60,60,60,60,57,55,53,54,56,58,60,59,58
Memory,49,49,49,49,49,49,49,49,49,49,49,49,49,49,49,49,49,49,49,49,51,49,49,49,50,49,49,49,49,49,49,50,49,50,50,51,51,49,50,49,49,49,51,49,49,49,49,49,49,49,49,49,49,49,49,49,49,49,49,49,49,49,49,49,49,49,49,49,49,49,49,49,49,49,49,49,49,49,49,49,49,49,49,49,49,49,49,49,49,49,49,49,49,49,49,49,49,49,49,49
LostEmpire_YORO,57,58,60,59,60,58,59,53,53,57,60,58,60,59,59,55,58,55,58,53,51,51,46,51,48,52,52,49,55,53,53,53,55,53,54,53,54,54,54,48,52,51,51,53,49,52,52,55,52,49,48,51,52,54,54,55,54,52,48,54,56,54,53,55,54,51,49,52,53,54,51,52,53,51,48,53,54,53,53,53
Memory,50,49,49,49,48,48,48,48,48,49,50,48,48,48,49,49,48,50,48,49,48,48,48,48,49,48,48,48,49,50,48,50,50,48,50,48,49,49,49,48,49,49,49,48,48,50,49,49,49,48,49,48,48,49,48,50,50,48,50,49,49,48,49,49,48,49,49,49,49,49,49,49,48,49,49,49,49,49,48,50,50,50,50,49,49,49,49,48,50,48,49,48,49,49,49,50,48,50,50,48,49,48,50,48,49,49,49,48,49,49,49,48,48,49,48,49,48,49,49,49,49,50,48,50,50,50,48,48,48,49,49,48,48,49,49,49,48,48,48,48,48,48,48,49,48,48,50,49,49,49,49,49,49,49,49,49,49,49,50,50,50
Prototype_YORO,52,55,55,54,54,55,54,55,55,52,46,54,52,53,53,55,54,53,58,59,58,55,56,56,55,54,55,55,55,56,59,60,60,59,60,60,60,54,52,54,52,52,53,56,54,56,56,56,56,55,51,53,53,53,54,54,56,54,52,54,57,58,54,55,46,47,48,50,52,52,56,57,53,54,54,55,56,54,55,55
Memory,53,53,53,53,53,54,53,53,53,53,53,55,53,53,54,53,53,53,53,54,53,53,53,53,54,53,53,53,53,53,53,53,54,53,54,53,53,53,53,55,54,53,54,54,53,55,53,54,53,53,53,53,53,53,53,54,54,53,53,53,54,53,53,53,53,53,53,53,53,53,53,53,53,54,53,53,53,54,54,53,53,53,53,53,55,53,53,54,53,54,53,53,53,54,54,55,54,55,53,53,53,53,53,53,53,53,53,53,53,53,55,53,55,55,54,55,53,53,54,53,53,53,54,54,53,53,53,54,53,53,53,53,53,53,53,53,53,53,53,54,55,53,55,53,53,53,53,53,53,53,55,53,54,53,53,53,53,53,53,53
SciFiCity_YORO,30,47,43,52,54,41,49,50,51,53,52,54,53,51,54,54,44,33,33,46,49,54,28,36,42,39,34,34,51,55,58,54,51,40,35,49,44,45,52,51,40,43,47,44,43,44,38,42,48,41,41,50,41,41,45,51,53,53,36,44,45,53,40,40,41,45,47,52,45,31,35,46,53,35,42,49,48,35,50
Memory,59,58,58,58,58,58,58,58,58,58,58,58,58,58,60,58,58,58,58,58,58,58,58,59,58,58,58,58,58,58,58,60,58,60,60,58,59,58,58,58,58,58,58,60,60,59,60,59,59,58,58,59,59,60,59,58,58,59,58,58,58,58,58,60,58,59,58,58,60,58,58,58,58,59,58,58,58,58,59,58,59,58,58,58,58,58,58,58,60,58,58,58,58,58,58,58,58,58,58,60,59,58,58,59,58,58,58,58,58,58,58,58,59,58,58,58,60,58,59,58,60,58,60,58,59,58,59,60,58,58,58,59,58,58,58,60,58,58,60,59,59,58,60,60,58,58,60,60,59,59,59,58,58,58,58,58,58,58,58
UnityChan_YORO,57,57,59,60,60,58,52,49,49,44,49,45,47,51,45,46,45,46,42,40,45,40,38,40,38,43,35,35,45,35,42,55,49,59,60,56,54,57,55
Memory,58,58,58,58,58,58,58,58,58,58,58,58,58,58,58,58,60,59,58,59,59,60,59,58,59,58,60,60,59,60,60,58,59,58,58,59,59,59,60,60,60,58,58,59,59,59,59,58,60,60,60,59,59,58,59,59,58,58,58,58,58,58,58,58,60,58,58,59,58,58,58,58,58,58,58,58,58,58,60
Bistro_Fink,20,16,13,17,23,24,22,28,25,29,33,36,36,40,39,33,29,26,27,25,27,26,28,34,40,38,26,24,30,27,24,26,26,28,29,30,32,33,33,32,36,37,38,24,22,25,30,29,30,35,36,37,38,34,26,26,26,26,25,28,28,28
Memory,54,54,53,54,55,55,53,53,55,56,53,53,54,55,54,54,53,53,54,53,54,53,53,53,53,53,53,53,53,53,54,54,53,53,53,53,53,53,53,53,53,53,53,54,53,53,53,53,53,53,55,54,54,53,55,55,53,54,55,54,53,54,53,55,54,55,53,53,53,53,53,53,53,55,53,53,53,53,53,53,53,53,53,53,53,53,53,55,56,55,54,53,53,53,53,55,53,53,53,54,54,53,53,53,53,53,53,53,53,55,55,53,53,53,53,55,53,53,53,53,53,55,53,53
Chat_Fink,38,37,38,38,37,38,38,38,37,37
Memory,69,69,69,69,70,69,69,69,71,69,69,71,69,69,70,71,69,69,69,70,70
Conference_Fink,38,38,40,38,38,38,37,40,37,37,38,38,37,38,38,37,38,39,38,38,38,38,39,38,38,39,38,38,39,39,38,39,38,40,39,39,38,38,38,39,38,38,38,38,38,38,38,37,38,38,38,39,37,39,37,38,37,37,38,37,37,37
Memory,60,60,60,60,61,60,60,60,60,60,60,60,61,60,60,60,60,60,60,60,60,60,60,60,60,60,61,61,60,60,60,60,60,60,60,60,60,60,60,60,60,60,60,60,60,61,60,60,60,60,60,60,60,60,60,60,60,60,60,60,60,60,60,60,60,60,60,60,60,60,60,60,60,60,60,60,61,60,60,60,60,60,60,60,60,60,60,60,60,60,60,60,60,60,60,60,60,60,60,60,60,60,60,60,60,61,60,61,60,60,60,61,60,60,60,60,60,60,61,60,61,60,60,60,60
Sponza_Fink,33,34,33,36,35,35,35,35,34,34,33,34,34,35,36,34,34,33,34,34,36,35,36,36,34,34,35,35,36,36,36,36,35,34,34,35,36,35,35,36,34,34,34,34,34,35,35,35,36
Memory,50,50,50,50,52,51,50,50,51,50,50,51,51,50,50,52,50,50,50,52,50,52,52,52,50,50,50,50,50,50,50,51,50,50,50,50,50,50,51,50,50,50,50,50,50,50,52,50,50,50,50,50,50,50,50,52,50,50,50,50,50,50,51,51,50,50,50,50,50,51,51,51,50,50,50,50,50,50,50,50,51,50,50,52,50,50,51,50,50,50,52,50,50,52,50,52,50,52,50
LostEmpire_Fink,38,37,40,42,41,42,40,38,38,41,40,37,42,43,43,40,38,40,41,39,39,38,38,37,36,37,40,38,35,40,38,38,39,38,39,38,36,36,36,36,38,35,34,36,38,37,37,36,36,35,35,35,37,35,34,34,32,36,37,38,37,35,37,36,35,37,35,38,38,38,37,38,38,38,36,30,35,34,34
Memory,49,50,49,49,49,49,49,49,49,49,49,49,49,49,49,49,49,49,49,49,49,49,49,49,49,50,50,49,49,49,49,50,50,49,50,49,49,51,49,49,49,49,49,51,49,50,49,49,49,49,50,51,49,49,49,49,49,50,49,49,49,50,49,49,49,49,49,49,49,50,49,50,51,49,49,49,49,51,49,49,49,49,49,49,51,51,49,49,49,49,49,49,49,51,49,49,49,49,49,50,49,49,49,49,49,49,49,51,51,51,51,49,49,49,49,49,51,49,49,50,49,50,49,49,49,49,49,49,49,49,50,49,49,49,49,49,49,49,49,49,49,49,50,49,49,49,49,49,50,50,50,49,49,49,50,50,49,51,50
Prototype_Fink,38,36,36,36,35,36,35,32,36,33,35,36,33,32,33,33,35,35,36,37,35,34,34,33,34,34,34,34,32,33,38,38,37,42,39,38,36,36,34,33,33,33,36,34,35,34,34,35,33,33,36,35,35,33,35,35,35,32,34,35,35,36,33,32,32,35,34,36,35,34,35,36,33,33,36,35,36,36,35
Memory,54,54,54,55,54,54,54,54,55,55,55,56,54,54,54,54,54,54,54,54,54,56,56,54,54,54,54,54,54,56,54,54,54,54,54,54,54,54,54,54,54,54,54,54,54,54,54,54,54,54,54,54,54,54,54,54,54,54,54,54,54,54,54,54,54,54,54,54,54,54,54,54,54,54,54,54,54,54,55,54,54,54,54,54,54,54,54,55,55,54,54,54,54,54,54,54,54,54,54,54,54,54,54,54,54,54,54,55,54,54,54,54,54,54,54,55,54,54,54,54,54,54,54,54,54,54,54,54,54,54,54,54,54,54,54,54,54,54,54,54,54,54,54,54,54,54,55,54,54,54,54,54,54,54,54,54,54,54,54
SciFiCity_Fink,31,35,35,35,35,33,35,34,35,36,32,34,34,36,36,35,32,26,26,33,36,37,22,29,33,32,29,29,38,39,39,36,36,26,28,35,35,32,35,34,31,34,34,33,35,35,34,33,33,31,34,36,30,35,36,35,35,33,31,32,33,34,32,29,34,36,35,35,35,26,33,38,38,24,35,34,33,33,36
Memory,60,58,58,59,58,58,58,58,59,60,58,58,58,58,58,58,58,58,60,58,58,59,58,58,58,59,58,58,58,58,58,58,58,60,59,58,59,58,59,58,58,58,58,60,59,61,58,58,60,60,60,60,58,60,60,58,58,58,58,59,58,58,58,59,58,58,58,61,60,60,60,58,58,58,59,58,58,58,60,59,58,58,61,60,58,58,58,58,59,58,58,58,58,58,58,58,58,58,58,60,58,58,58,58,58,58,59,58,59,58,58,58,58,58,58,58,58,58,58,58,58,58,58,59,59,60,60,58,58,58,58,59,58,58,58,58,58,60,59,58,59,58,58,60,58,58,59,60,58,58,59,58,59,58,58,58,59,58,58
UnityChan_Fink,38,40,38,39,39,38,34,35,39,39,38,39,38,37,37,38,37,37,34,35,38,39,38,40,40,38,38,40,40,41,40,37,39,39,40,38,38,37,38
Memory,58,60,58,58,60,58,58,58,59,59,58,58,58,58,58,58,60,58,58,58,60,58,58,58,60,60,58,60,59,58,58,58,58,58,60,60,58,59,58,58,58,58,58,58,58,58,58,58,58,58,58,58,59,58,58,58,60,58,58,60,58,60,58,60,58,59,59,59,59,59,59,59,60,59,59,60,59,59
Bistro_Conventional,11,12,14,15,27,28,25,30,29,27,27,29,34,43,45,43,40,41,38,37,36,37,40,42,44,35,17,17,23,15,19,18,16,20,22,24,27,26,28,28,34,39,26,17,17,23,23,25,30,33,36,37,38,21,20,18,18,22,22,19,18
Memory,55,55,54,55,55,56,55,54,55,53,53,53,53,55,55,55,55,53,55,53,55,54,54,53,55,55,53,54,53,54,53,53,53,53,55,55,53,54,53,55,55,55,53,55,54,54,54,53,53,53,53,54,54,55,54,54,55,55,54,56,55,55,55,54,53,56,56,54,55,53,53,53,53,55,53,54,53,53,53,55,53,54,55,53,53,55,55,55,55,54,56,54,53,55,54,53,53,53,53,54,55,53,54,53,53,53,55,55,54,55,55,55,55,53,55,54,54,56,55,55,55,53
Chat_Conventional,42,41,41,43,43,41,41,42,42,43
Memory,69,69,69,69,69,69,69,69,69,69,69,69,69,69,69,69,71,69,69,70,69
Conference_Conventional,44,44,45,44,45,45,46,45,44,44,44,44,44,45,45,44,45,44,44,43,43,44,44,42,44,44,44,44,45,45,45,44,42,42,42,40,42,42,42,41,43,43,43,42,43,42,43,43,44,43,44,41,42,44,44,45,44,44,44,45,44,45,44
Memory,60,60,60,61,61,60,60,60,60,60,61,60,60,60,60,60,60,60,60,60,60,60,60,60,60,60,61,60,61,60,60,60,60,61,62,61,60,60,60,60,60,60,60,60,60,60,60,60,60,60,61,60,60,60,60,60,60,60,61,60,60,61,60,60,60,60,60,60,60,61,60,61,60,60,60,60,60,60,60,60,60,60,60,60,61,60,60,60,60,61,60,61,60,60,60,60,60,60,60,60,60,60,61,60,60,60,60,60,61,60,60,60,60,60,60,60,60,60,60,60,61,60,60,60,60,60
Sponza_Conventional,36,37,38,41,42,43,42,42,41,39,39,39,40,38,41,41,42,41,40,41,42,43,43,41,38,37,39,40,42,42,44,43,41,38,40,40,42,41,43,43,40,38,37,37,38,39,42,44,43
Memory,50,50,50,50,52,50,52,50,50,50,50,50,50,50,50,52,50,51,50,50,50,50,50,51,51,52,50,50,52,50,52,52,51,50,50,52,51,50,52,50,50,50,50,51,50,51,50,50,50,52,51,50,50,50,50,50,50,50,50,51,50,52,51,52,50,50,50,51,50,50,50,50,50,50,50,51,50,50,50,52,50,51,50,52,50,50,50,53,50,50,50,50,50,50,50,50,50,50,50
LostEmpire_Conventional,38,39,43,46,45,43,42,37,40,43,41,40,44,46,45,41,43,45,44,38,38,36,34,34,36,40,39,40,40,40,40,39,40,40,38,40,38,40,36,35,37,34,37,38,37,35,38,38,34,34,34,36,34,39,39,40,37,39,40,39,39,38,37,40,37,36,38,38,39,37,37,38,37,36,38,39,38,38,37
Memory,50,50,50,51,50,51,50,51,50,50,50,51,50,51,50,50,51,50,50,50,50,51,50,50,50,50,50,50,50,50,50,51,50,51,50,50,51,51,51,50,51,50,51,51,50,50,50,50,50,50,50,50,50,50,50,50,50,51,51,51,51,51,50,50,51,51,50,51,51,50,50,51,51,51,50,50,50,51,50,50,50,50,50,50,51,51,50,50,50,50,51,51,51,51,51,50,50,50,51,51,50,50,50,50,50,50,50,51,50,50,50,50,51,50,50,51,51,51,50,50,50,50,50,50,51,50,50,50,51,50,51,50,51,51,51,50,51,50,50,50,50,51,51,50,50,50,51,50,50,50,50,50,51,51,50,50,52,50,50
Prototype_Conventional,40,40,40,38,37,40,40,40,40,38,35,35,34,38,38,39,41,39,41,42,41,40,38,39,39,39,39,40,40,41,44,46,45,47,46,45,44,39,37,38,34,36,39,39,40,39,40,40,39,35,36,35,36,37,39,38,40,40,38,39,40,41,39,35,35,36,39,33,37,41,40,40,36,37,38,40,41,41,40
Memory,54,54,54,54,54,54,54,54,54,54,54,54,54,54,54,54,54,54,54,54,55,54,54,55,54,54,54,54,54,54,54,54,54,54,56,54,54,54,54,54,54,55,56,54,54,54,54,54,54,54,54,54,54,54,54,54,54,54,54,54,55,54,54,54,54,54,54,54,54,54,54,54,54,54,54,56,55,54,54,56,56,56,54,54,54,54,54,54,54,54,54,54,54,54,54,54,54,54,54,55,55,54,56,56,55,55,54,54,54,54,54,54,54,54,54,56,54,54,54,54,54,54,54,54,54,54,54,54,54,54,56,54,54,55,55,55,54,54,54,54,54,54,54,54,54,54,54,54,54,54,54,54,54,54,54,54,54,54,55
SciFiCity_Conventional,22,31,29,35,35,27,31,33,35,36,36,35,34,34,36,37,26,22,21,29,34,35,18,27,28,25,23,26,40,42,40,36,35,23,29,33,30,31,36,31,28,29,31,29,27,33,27,34,27,27,32,33,23,30,32,36,35,28,29,29,36,29,25,28,29,29,35,34,23,23,33,35,25,26,33,32,26,34
Memory,60,61,59,59,58,58,58,58,58,60,60,60,60,58,58,59,58,59,58,59,58,59,58,58,58,59,61,58,58,58,58,58,58,60,60,60,60,60,58,58,58,58,58,61,61,59,59,59,59,60,60,60,60,60,59,58,58,58,58,58,58,60,58,58,59,60,60,60,60,58,58,58,60,60,58,58,58,58,60,60,59,58,60,58,59,59,58,60,59,60,58,60,60,58,58,60,59,61,59,58,60,60,58,60,60,58,59,58,61,58,59,58,58,58,60,58,60,58,60,58,59,59,59,59,59,59,60,59,60,58,60,60,58,58,58,60,60,60,60,58,60,59,59,58,59,59,60,59,59,59,58,58,60,58,58,58,58
UnityChan_Conventional,44,43,44,46,44,46,38,38,43,46,46,44,43,44,43,43,45,43,37,38,46,45,45,48,47,44,45,45,45,48,47,46,46,46,45,44,41,43,44
Memory,60,60,59,60,59,58,60,60,58,60,60,58,60,59,58,58,59,59,59,59,60,58,60,60,60,58,59,59,59,58,59,58,60,58,59,58,58,58,58,60,58,58,58,58,60,58,58,60,58,60,59,59,59,59,59,60,60,59,60,60,60,61,59,59,59,59,59,59,59,59,59,60,59,59,59,60,59,59,59
Bistro_SPI,5,4,6,7,8,11,13,15,18,20,17,31,53,55,59,58,54,48,38,40,40,42,44,29,7,5,4,4,4,5,4,6,5,5,6,8,12,19,35,19,5,5,8,10,13,20,29,40,39,12,6,6,6,5,6,8
Memory,52,50,50,51,51,50,51,52,50,50,50,50,51,51,50,50,50,49,49,50,50,49,49,49,49,50,49,49,49,49,49,49,50,51,50,49,49,50,51,51,49,49,49,49,50,49,50,51,51,51,51,51,52,51,52,51,52,52,52,52,52,52,51,52,50,51,52,51,50,51,50,49,51,50,50,50,51,49,50,51,51,52,51,51,50,50,52,50,50,51,50,50,50,50,50,50,49,51,52,50,51,51,52,50,52,51,52,51,50,51,50,52
Chat_SPI,59,53,52,57,57,54,56,55,58,60
Memory,70,70,69,70,68,68,69,68,68,69,70,69,68,69,68,69,68,69,69,69,69
Conference_SPI,60,60,60,60,60,60,60,60,60,60,60,59,60,60,60,60,60,60,59,57,59,59,60,60,60,60,60,60,60,60,60,60,60,60,60,60,60,59,58,57,58,58,58,59,60,60,60,60,60,60,60,60,60,60,60,60,60,60,60,60,60,60,60,60
Memory,59,59,58,59,58,60,59,58,60,59,60,59,59,58,60,60,58,59,58,60,60,59,58,58,58,58,58,58,58,58,58,58,58,58,58,59,58,58,59,59,58,60,58,59,59,59,59,59,60,58,58,59,60,59,60,59,60,59,58,59,59,60,59,58,59,58,59,60,59,60,59,60,59,60,60,58,60,60,59,59,58,60,60,59,59,59,58,60,60,60,60,58,58,59,60,59,59,58,59,58,59,59,60,59,59,60,59,60,58,59,59,58,58,58,59,60,60,58,59,58,58,59,60,58,58,58,59,60,58
Sponza_SPI,23,26,30,37,47,60,60,53,47,42,40,40,46,37,33,40,38,39,41,47,49,57,60,56,30,26,30,35,43,56,49,42,41,27,26,29,36,45,57,58,42,30,26,24,25,27,33,42,48,33
Memory,51,50,50,50,50,50,50,49,49,49,49,50,50,50,50,50,50,50,50,49,50,50,51,49,50,50,49,51,49,49,49,50,50,50,50,51,49,50,49,50,49,50,49,50,51,50,49,50,51,50,50,51,49,50,49,50,49,50,49,49,50,50,49,50,51,51,50,51,51,50,50,50,50,49,51,50,50,50,50,51,50,49,50,50,51,49,50,50,50,51,50,50,50,51,50,50,51,50,51,51,50
LostEmpire_SPI,6,18,49,50,24,42,19,9,12,13,14,20,35,48,26,31,33,37,44,16,4,7,7,15,34,30,15,23,28,19,19,23,27,19,17,12,15,9,9,6,13,24,18,11,17,24,9,8,12,17,24,28,34,36,13,24,30,33,31,28,28,19,10,14,28,26,29,14,18,18,16,23,23,26,16,12
Memory,49,50,50,49,48,48,48,50,49,48,49,48,49,48,50,49,49,49,49,49,48,49,49,50,50,49,50,48,48,49,49,49,50,50,49,49,48,48,50,48,49,49,50,50,48,50,50,50,50,49,49,48,49,49,50,49,49,49,50,49,50,49,50,49,49,48,49,50,50,49,50,49,50,49,49,50,49,49,50,49,48,49,50,49,50,49,48,50,50,49,49,50,50,49,48,50,49,49,50,50,49,49,50,50,50,49,49,50,48,50,49,49,49,49,50,50,49,49,49,49,49,49,50,50,50,49,49,50,49,49,49,48,48,50,49,48,48,50,49,49,49,50,49,50,49,50,50,49,50,50,50,50,50
Prototype_SPI,35,41,47,44,46,54,60,60,48,38,33,30,29,35,43,47,57,59,50,58,60,60,60,60,54,40,51,59,60,60,60,60,60,57,60,60,60,48,34,36,37,26,27,42,53,51,59,60,60,60,37,26,27,29,33,38,48,58,60,57,46,53,60,60,50,24,27,27,30,31,39,46,55,45,37,46,59,60,60,56,43
Memory,55,55,54,55,54,56,54,55,55,54,55,54,55,54,54,55,55,56,54,55,55,55,55,56,55,55,55,55,55,55,55,54,54,54,54,55,55,55,55,54,54,55,54,54,54,53,53,53,54,55,55,55,54,54,55,55,55,54,54,55,55,54,54,55,55,55,55,54,55,54,54,55,55,55,54,55,54,55,55,56,55,54,56,55,55,55,56,54,54,54,54,54,55,55,54,55,54,55,54,55,54,55,55,55,55,55,56,56,55,55,55,54,54,54,55,54,55,55,54,56,55,54,55,54,54,54,55,55,55,55,55,55,55,55,56,56,55,54,56,55,54,55,55,54,54,54,55,56,55,54,54,54,55,55,54,54,55,55,55,55,55,55,56
SciFiCity_SPI,19,31,29,46,60,27,34,44,53,60,57,60,60,35,56,60,45,17,16,27,45,60,29,16,20,16,16,16,44,60,60,60,60,30,18,36,26,35,48,47,23,25,40,32,25,26,35,42,53,25,27,53,35,22,32,52,59,60,26,25,29,54,20,15,15,19,24,44,22,15,16,21,31,15,52,42,32,35,32
Memory,60,58,60,59,60,59,59,60,58,59,60,60,59,58,59,59,60,59,58,60,59,59,59,59,58,60,60,58,59,58,59,59,58,60,59,59,59,59,59,59,58,59,58,58,60,60,60,60,58,60,60,60,60,60,60,59,59,59,59,58,58,58,59,58,60,59,59,59,59,60,59,58,60,60,59,59,58,60,59,59,58,60,59,59,60,60,59,59,59,59,60,60,59,59,58,59,60,58,59,58,60,58,60,58,59,59,60,60,59,59,58,60,59,58,58,59,59,59,60,59,60,58,60,59,60,59,60,60,60,60,60,59,60,58,59,58,58,60,60,60,60,60,59,59,58,59,60,60,59,58,60,59,60,60,59,59,59,59,58
UnityChan_SPI,60,60,60,60,60,60,60,60,60,60,60,60,60,60,60,60,60,60,60,60,60,60,60,60,60,60,60,60,60,60,60,60,60,60,60,60,60,60,60,60
Memory,61,61,61,61,60,60,60,60,60,59,60,61,60,61,61,62,60,60,61,61,60,61,61,61,61,61,61,61,60,60,60,60,61,60,61,61,59,61,60,61,60,59,59,59,59,59,61,60,61,61,60,60,60,60,60,60,60,61,61,61,61,61,61,61,62,61,60,60,61,59,61,60,60,61,61,61,61,62,60,60
