Model: HUAWEI BMH-AN10 
Bistro_YORO,29,30,29,33,29,33,37,34,36,35,33,39,42,47,42,51,49,47,51,47,45,47,49,51,51,51,31,21,21,21,18,18,20,20,20,22,24,24,29,30,33,38,43,33,18,19,24,24,27,30,34,42,44,46,25,19,19,21,20,20,21,21
Memory,73,74,74,74,73,73,74,74,73,72,73,74,73,74,73,73,74,72,72,72,74,74,74,72,73,72,72,72,72,72,74,74,72,73,72,73,73,73,72,72,72,72,72,72,72,72,74,73,73,72,73,73,72,73,74,74,75,73,74,74,74,74,74,74,74,74,75,73,74,72,74,74,74,74,73,73,74,72,73,72,72,74,72,72,73,72,74,74,75,74,74,74,74,72,74,72,73,72,73,74,74,72,74,72,72,72,73,73,74,74,75,74,74,74,74,74,73,74,74,73,74,74,73,75,73
Chat_YORO,53,51,47,52,51,48,48,49,52,48
Memory,91,91,91,91,91,91,93,92,91,91,92,92,91,92,91,92,91,92,91,92,92
Conference_YORO,50,49,48,47,48,51,48,51,48,49,50,49,50,53,49,52,49,48,51,50,50,49,49,49,50,50,50,49,48,48,50,51,50,46,46,48,47,46,45,44,51,50,50,51,49,51,49,48,49,50,48,46,47,53,51,52,50,51,50,50,47,52,50
Memory,81,81,81,83,81,82,81,81,81,81,81,81,82,81,83,83,81,81,83,82,81,83,81,81,82,83,83,81,81,81,82,82,81,81,82,81,82,81,81,81,81,81,82,81,81,81,81,83,81,81,82,81,82,81,81,83,81,83,81,81,81,82,82,82,81,81,81,81,82,81,83,81,81,81,81,81,82,81,83,81,83,81,81,83,81,82,82,83,81,81,83,83,82,81,83,82,83,82,81,82,82,81,81,82,83,81,81,81,83,81,81,81,81,81,82,81,81,82,81,82,81,81,81,82,83,81,81
Sponza_YORO,40,43,45,48,48,50,52,50,47,46,51,51,50,46,51,48,51,52,50,49,51,51,51,48,43,42,46,49,50,51,52,49,52,45,45,49,51,48,54,49,49,44,41,43,42,49,49,50,50,46
Memory,72,72,73,73,72,72,73,73,72,72,72,73,72,72,73,73,74,73,73,73,73,72,73,72,72,72,72,72,72,72,73,72,73,73,73,73,73,72,74,73,72,74,73,73,72,72,72,73,73,72,72,72,73,74,73,72,72,74,72,72,72,72,72,72,72,72,73,72,73,73,72,72,73,72,73,72,73,73,72,74,72,72,73,72,74,72,73,72,72,73,73,74,73,74,74,73,72,72,72,72
LostEmpire_YORO,40,40,46,52,47,44,43,41,44,43,44,45,45,48,47,46,46,46,46,41,47,45,41,41,42,45,43,42,44,45,45,44,43,44,44,44,45,45,43,41,42,43,42,43,42,41,41,43,40,41,41,42,42,42,45,45,45,41,44,44,42,44,43,46,42,42,44,41,44,43,45,45,43,41,41,43,41,44,41,42
Memory,71,71,71,71,71,72,71,71,72,71,71,72,71,71,71,71,71,71,71,71,72,71,71,71,71,71,72,73,71,71,72,71,73,71,71,71,71,71,71,73,71,71,72,71,71,71,73,71,71,71,72,71,71,72,72,71,71,71,71,72,71,72,73,71,71,71,71,73,71,71,71,71,72,71,71,71,71,73,71,71,71,71,73,72,71,72,71,72,71,71,71,72,71,71,71,72,72,71,72,71,73,71,73,71,73,71,72,71,71,71,71,71,73,71,72,71,71,71,72,72,72,71,72,71,72,72,71,71,71,72,73,71,73,71,71,72,71,71,71,71,73,71,72,71,71,71,72,71,73,72,73,72,71,71,71,72,72,72,71,71
Prototype_YORO,46,45,49,48,49,49,48,50,48,45,41,40,41,46,50,48,49,51,52,47,46,51,50,48,49,49,49,51,48,47,51,49,49,55,51,50,50,48,49,50,43,40,40,49,49,48,48,52,52,46,39,40,42,43,45,46,48,50,49,50,49,50,51,49,45,38,36,41,39,46,47,49,44,45,47,49,51,48,46,48
Memory,78,78,77,78,76,77,76,78,78,78,78,77,76,77,76,76,77,76,76,77,76,78,78,77,78,78,76,78,76,78,78,76,77,78,76,78,76,76,76,77,77,76,76,78,77,76,77,78,77,78,76,77,77,78,76,76,77,76,78,76,78,78,76,78,78,76,78,78,77,77,76,76,76,76,77,76,76,77,77,78,78,77,77,76,76,78,77,78,76,77,77,78,77,78,77,78,78,78,78,76,78,76,76,77,78,77,78,77,77,78,77,77,76,76,76,77,76,77,76,77,78,77,77,76,77,76,78,77,77,76,78,76,77,76,76,76,78,77,76,77,77,76,77,77,78,78,76,77,77,78,77,77,77,78,77,77,76,77,76,77,78
SciFiCity_YORO,26,38,33,42,50,30,38,43,45,49,47,52,50,43,46,48,37,22,21,30,40,46,24,22,31,28,27,24,38,48,49,50,51,37,22,42,34,33,39,44,29,31,37,33,28,30,41,36,44,30,27,42,37,27,34,41,48,49,33,33,34,46,31,26,34,37,42,49,40,24,32,41,47,26,34,45,44,35,44
Memory,82,82,81,83,81,82,83,81,82,81,81,81,82,81,81,81,82,82,81,82,81,82,81,82,82,83,81,81,81,81,81,83,81,81,83,82,81,83,81,81,82,81,82,81,82,83,83,81,83,82,82,82,82,83,83,82,83,81,81,82,82,81,83,83,81,82,82,83,82,82,82,81,82,81,82,81,81,82,81,81,83,81,81,82,82,81,81,81,81,82,81,81,81,82,81,82,81,83,81,81,81,81,82,82,81,81,83,81,81,83,82,82,81,82,83,81,81,83,83,82,81,81,82,82,83,81,82,81,81,82,82,83,83,83,83,81,81,82,83,83,83,82,81,81,82,82,83,81,82,81,82,81,82,83,82,82,81,81,82
UnityChan_YORO,44,45,43,44,43,45,44,44,44,42,44,42,42,45,45,42,43,43,42,45,46,54,48,43,45,42,44,45,43,41,43,45,45,45,50,44,43,46,43
Memory,82,82,83,83,83,81,81,83,82,83,81,83,82,82,81,83,82,82,82,82,82,82,82,82,83,83,83,82,82,82,81,82,82,83,82,81,82,83,81,82,82,81,82,82,82,81,82,83,82,82,82,81,83,83,81,82,83,81,82,82,82,82,82,83,81,81,83,82,83,83,82,81,82,82,82,82,83,83,82
Bistro_Fink,12,11,12,14,13,15,14,14,15,14,15,16,17,17,15,14,16,17,16,16,14,15,16,16,16,13,12,14,12,12,12,11,11,12,12,12,13,14,14,14,17,14,13,12,14,14,13,14,14,15,14,15,12,12,11,12,12,12,12
Memory,77,77,78,77,78,78,78,77,77,77,77,78,76,76,76,76,76,76,76,77,76,76,77,76,76,76,76,76,76,78,76,76,76,76,76,76,76,76,76,76,76,76,76,76,76,76,76,76,76,76,78,78,78,77,78,78,77,78,77,78,78,77,78,77,78,79,78,78,78,78,76,76,76,77,76,76,76,76,76,76,76,76,76,76,77,77,78,77,78,78,78,77,76,77,76,78,76,76,76,76,76,76,76,77,78,77,77,78,77,77,78,77,77,77,78,77,77,77,78
Chat_Fink,15,16,16,16,16,17,17,16,16,16
Memory,92,92,92,92,92,92,92,92,92,92,92,92,92,92,92,92,92,92,92,92
Conference_Fink,17,16,20,19,17,16,18,19,18,17,16,17,17,16,17,17,18,15,16,16,16,16,16,16,16,18,20,19,21,16,18,16,18,18,16,16,17,17,17,16,17,16,16,16,15,16,17,16,16,16,17,16,17,18,18,18,16,16,16,18,16
Memory,82,82,82,82,82,82,82,82,82,82,82,82,82,82,82,82,82,82,82,82,82,82,82,82,82,82,82,82,82,82,82,82,82,82,82,82,82,82,82,82,82,83,82,82,82,82,82,82,82,82,82,83,82,82,82,82,82,82,82,82,82,82,82,82,85,82,82,82,82,82,82,82,82,82,82,82,82,82,82,82,82,82,82,82,82,82,83,82,82,82,82,82,82,82,82,82,82,82,82,82,82,82,82,82,82,82,82,82,82,82,82,82,82,82,82,82,82,82,83,82,82,82
Sponza_Fink,15,16,16,17,16,17,16,16,16,15,15,16,15,16,16,16,14,17,21,18,19,20,21,17,15,15,16,19,17,17,16,15,16,16,16,16,16,16,17,14,15,16,14,15,16,16,15,15
Memory,74,73,75,73,73,73,73,73,73,73,73,73,73,73,73,73,73,74,73,73,75,73,73,73,73,73,73,73,73,75,73,73,73,73,73,74,73,73,73,73,73,73,73,73,75,73,75,74,75,75,73,75,73,73,73,73,74,73,73,73,73,73,73,75,73,74,75,73,75,73,73,73,73,73,74,73,73,73,73,73,73,74,73,73,73,73,73,74,73,73,73,73,73,73,74,73
LostEmpire_Fink,15,16,16,15,16,16,16,15,16,16,15,16,16,16,15,15,15,18,16,17,18,14,15,16,16,16,16,16,17,17,17,16,16,16,16,19,16,16,15,16,16,16,15,16,16,15,16,15,15,15,15,16,16,16,16,16,16,15,16,16,16,15,15,16,16,16,16,15,16,16,15,16,15,15,16,15,15
Memory,72,72,72,72,74,72,72,72,72,72,72,72,72,72,72,72,72,74,74,72,72,72,72,72,72,72,72,74,72,72,72,72,72,72,72,72,72,72,72,72,72,72,72,72,72,72,72,72,72,72,72,72,72,72,72,72,72,72,72,72,72,73,74,74,72,72,72,72,72,72,73,72,74,72,72,72,72,72,73,72,72,72,72,72,72,72,72,72,72,72,72,72,73,72,72,72,72,72,72,72,72,72,72,72,72,72,72,72,72,72,72,72,72,72,72,72,73,72,72,72,72,72,72,74,74,72,72,74,72,72,72,72,74,72,72,72,72,72,72,72,72,72,72,72,72,72,74,72,72,72,72,72,72,73
Prototype_Fink,20,19,16,18,18,18,16,17,15,14,14,14,14,16,16,16,17,18,16,16,16,16,18,17,16,15,16,18,19,16,18,16,18,17,16,17,18,16,17,17,16,17,16,16,17,17,16,17,15,16,18,16,15,15,16,18,20,17,15,17,16,19,14,15,15,15,14,14,18,17,15,18,16,15,16,16,16
Memory,77,77,77,78,77,77,77,77,77,77,77,77,77,77,77,77,77,77,77,77,77,77,77,77,77,78,77,77,77,77,78,77,77,77,77,77,77,77,77,77,77,77,77,77,77,77,77,77,77,77,77,77,77,77,77,77,77,77,77,77,77,77,77,77,77,77,77,77,77,77,77,77,77,77,77,77,77,77,79,77,79,77,77,77,77,77,77,77,77,77,77,77,77,77,77,77,77,77,77,77,77,77,77,77,77,77,77,77,77,77,79,77,77,77,77,77,77,79,77,77,77,77,77,77,77,79,79,77,77,77,77,77,77,77,77,77,77,77,77,77,77,77,77,77,77,77,77,77,77,77,77,77,77,77
SciFiCity_Fink,13,14,17,16,18,15,16,16,16,16,17,16,15,16,16,16,13,14,13,16,16,13,11,14,14,13,12,18,17,17,17,16,11,13,16,14,16,16,14,15,14,16,14,15,16,15,14,14,14,15,14,15,14,16,15,14,15,15,16,14,14,15,16,16,17,13,14,13,14,16,12,13,15,14,16,15
Memory,83,84,81,81,81,81,81,81,81,82,83,81,81,81,81,81,81,81,81,81,81,81,81,81,81,81,81,81,81,81,81,81,81,82,82,83,83,81,81,81,81,81,83,85,82,82,82,83,83,82,82,83,82,82,81,81,81,81,81,81,81,81,81,81,83,83,81,81,81,81,81,81,81,81,81,81,81,82,81,81,81,81,81,81,83,82,83,83,81,81,81,81,81,83,83,83,82,81,81,81,82,83,83,81,81,81,81,83,81,81,81,82,81,81,81,82,81,81,81,83,82,83,83,83,83,81,81,81,81,81,81,82,84,83,82,81,81,81,81,81,83,85,81,81,81,81,81,82,81,81,81,81
UnityChan_Fink,15,14,14,15,15,14,15,15,15,15,14,14,15,14,16,15,15,14,16,15,15,14,19,17,16,17,14,17,14,14,16,15,16,14,14,15,15,14
Memory,83,83,81,81,81,81,81,81,84,81,81,81,81,81,81,81,81,81,81,81,81,81,82,83,84,82,83,82,84,81,81,81,81,83,81,81,81,81,81,81,81,81,81,81,81,81,81,81,81,81,81,83,82,83,82,82,83,83,82,82,82,82,81,81,81,81,81,81,81,81,83,81,81,82,81,83,84
Bistro_Conventional,12,12,12,13,13,14,15,15,15,16,17,16,17,18,19,19,20,19,18,19,18,19,21,22,19,13,10,12,11,10,10,10,10,12,12,13,14,14,16,17,18,14,10,10,12,13,14,14,16,17,19,17,11,11,10,10,12,12,11
Memory,78,78,77,78,78,77,77,78,78,77,77,77,79,77,78,76,79,77,77,78,78,77,77,78,77,77,77,77,78,77,77,76,78,78,78,77,78,78,78,77,77,77,77,78,78,76,78,76,78,78,77,79,78,78,79,78,79,78,78,78,78,78,79,78,79,79,78,78,79,78,77,79,76,78,78,79,77,76,78,77,77,78,79,78,78,78,78,78,77,78,78,76,78,77,77,79,78,78,78,76,76,77,76,77,77,78,78,78,78,79,79,79,79,79,79,78,79,79,77
Chat_Conventional,17,19,19,20,18,18,19,19,18,18
Memory,92,94,92,94,93,94,94,94,93,93,94,92,93,94,92,92,93,94,94,93
Conference_Conventional,18,19,18,20,20,18,19,21,21,20,19,19,21,20,20,20,20,20,20,22,22,20,19,18,19,21,20,21,19,22,20,19,17,18,18,18,18,18,18,20,18,19,20,21,20,19,20,19,18,19,20,19,19,20,19,20,19,19,20,20,19
Memory,83,83,83,83,84,83,84,84,83,83,85,83,84,84,83,83,84,84,83,85,83,83,84,84,83,85,85,84,84,84,84,84,84,84,84,84,83,83,84,85,84,83,84,84,83,83,83,83,83,85,83,84,83,83,83,84,83,84,84,83,84,84,85,84,83,83,83,83,85,84,84,83,83,85,84,84,83,83,83,83,85,84,84,84,84,84,83,84,84,84,85,84,84,83,84,83,85,83,83,83,83,83,84,84,83,83,83,83,85,83,84,84,85,84,83,83,83,83,83,83,84,83,83
Sponza_Conventional,16,16,18,19,20,20,20,20,17,17,20,20,19,18,20,21,20,21,22,20,20,20,20,18,16,17,20,20,20,19,21,20,18,18,18,19,21,22,20,18,16,16,16,15,18,20,20,19
Memory,74,75,74,75,75,74,75,74,75,74,75,74,74,74,74,74,74,75,74,75,74,75,74,75,75,74,74,74,75,75,74,75,74,74,74,74,75,74,74,75,74,74,74,74,74,75,75,75,75,75,75,75,74,75,74,74,75,75,75,75,74,74,74,75,76,74,74,76,76,75,74,74,74,74,74,75,75,74,75,75,75,75,76,75,75,75,74,75,74,75,75,74,74,74,74,75,75
LostEmpire_Conventional,18,19,18,19,19,18,18,18,18,19,18,18,17,19,18,19,17,18,18,18,20,18,18,19,19,19,19,18,19,19,20,18,19,20,18,19,20,18,18,19,18,18,18,19,20,19,18,18,18,18,18,18,20,19,21,18,18,17,18,18,18,18,20,19,19,19,19,19,20,18,18,19,18,20,19,18,18,18
Memory,74,73,75,73,74,74,74,73,74,75,74,73,73,73,73,73,73,73,73,74,73,73,73,74,74,74,74,74,73,74,75,74,73,74,73,75,74,73,73,74,74,73,73,73,74,74,73,75,74,74,74,74,74,73,73,75,73,74,73,74,75,73,73,75,73,73,73,73,73,75,74,73,73,73,74,74,75,73,74,74,74,74,74,74,74,73,74,74,73,74,73,73,75,74,73,73,73,74,74,74,74,74,74,73,75,74,73,73,73,75,73,73,73,73,75,73,73,74,74,73,73,75,74,73,73,74,73,73,74,74,74,74,74,74,73,74,74,73,73,73,73,75,74,73,73,73,74,74,75,74,74,74,73,74,74,73
Prototype_Conventional,17,18,19,20,20,22,20,20,16,16,16,18,16,17,17,20,23,18,19,20,22,21,21,20,21,19,18,20,23,21,21,20,22,25,26,21,18,18,19,17,18,16,19,19,19,23,22,20,16,15,16,16,17,16,19,21,21,19,18,20,22,21,18,15,15,16,16,18,18,18,18,17,20,20,20,21,19,18
Memory,78,78,78,78,79,79,78,77,78,78,77,78,78,77,77,78,77,79,77,79,78,78,78,78,79,79,78,79,77,78,77,77,79,78,77,78,77,77,78,79,78,79,77,78,78,77,78,79,78,78,77,77,78,78,77,78,77,77,77,77,78,78,77,77,78,77,79,78,79,78,78,79,79,78,79,79,77,78,78,78,79,80,80,78,78,77,78,78,79,78,77,77,79,77,79,78,77,77,77,78,78,78,78,78,78,79,79,77,79,78,77,77,79,78,79,79,77,77,77,77,77,78,77,78,77,78,78,78,79,79,78,78,78,78,78,78,77,77,78,79,78,78,77,79,79,78,78,77,79,78,78,78,78,79,78,78
SciFiCity_Conventional,12,16,16,18,19,14,18,17,16,18,18,20,17,17,19,20,12,12,13,16,19,13,11,15,14,13,12,17,21,21,21,21,14,13,17,15,15,18,14,15,14,14,14,14,15,13,20,15,15,17,16,13,15,17,18,19,13,15,16,17,14,14,14,14,17,17,13,12,15,17,14,12,19,15,14,17,18
Memory,83,83,84,84,84,81,82,81,83,83,84,83,83,83,83,81,81,81,81,83,82,83,81,82,84,83,82,81,81,82,82,84,83,84,84,84,84,82,82,81,82,83,84,84,83,82,83,83,83,83,83,83,83,82,83,83,81,82,81,82,82,83,82,82,84,84,83,82,83,83,83,84,84,82,83,83,83,83,83,84,83,82,83,83,83,83,83,83,81,82,83,81,83,83,83,84,82,81,83,81,82,84,83,83,82,83,82,81,82,83,82,81,84,83,83,84,83,83,81,82,82,83,83,82,83,84,81,83,83,82,82,82,83,83,82,83,83,81,83,81,83,83,83,83,81,83,82,82,84,82,81,81,83,81
UnityChan_Conventional,17,20,18,18,18,19,18,17,16,16,17,18,16,17,17,18,18,17,17,18,20,20,20,19,19,19,17,17,17,17,17,18,20,21,18,20,19,17
Memory,82,83,83,82,82,82,82,82,82,82,83,84,84,84,82,82,83,82,82,82,82,83,82,82,83,83,83,83,82,82,82,82,83,82,82,82,82,82,83,82,82,82,82,82,82,82,82,83,82,83,83,83,82,83,82,83,82,83,83,83,83,83,82,82,82,83,82,82,82,82,84,83,82,82,82,83
