Model: HUAWEI FRD-AL00 
Bistro_YORO,9,13,14,15,17,19,20,19,18,20,23,24,28,33,33,32,32,32,30,30,29,29,33,35,32,19,4,9,10,9,8,8,10,12,15,15,18,19,18,23,29,22,7,8,15,14,19,20,22,28,31,25,9,10,8,10,10,10,9
Memory,51,52,51,50,50,51,51,51,51,51,51,50,51,50,50,50,50,50,51,51,51,50,50,51,51,50,51,51,50,51,50,50,50,50,51,50,51,50,51,50,51,50,51,50,51,50,49,51,50,50,51,51,50,52,50,51,51,52,51,51,51,51,51,52,51,51,51,51,51,50,51,51,50,51,50,50,50,50,50,51,50,51,50,51,52,50,51,51,50,50,51,50,51,50,50,50,51,51,51,50,51,49,51,51,51,50,52,51,51,52,51,50,51,50,50,51,50,50,52
Chat_YORO,29,26,29,29,29,28,29,29,29,29
Memory,69,68,68,68,69,69,68,68,68,69,69,69,68,68,69,69,69,70,68,68,69
Conference_YORO,38,38,38,37,34,35,36,38,41,39,35,36,40,41,40,39,37,37,37,36,32,38,38,30,24,25,25,25,26,25,26,23,19,19,20,19,20,19,19,21,23,24,23,24,24,24,23,23,24,24,22,18,19,24,27,23,24,24,24,24,24,24
Memory,60,58,58,58,58,60,59,59,59,60,59,59,58,58,58,58,58,58,58,58,60,59,59,58,58,58,60,60,59,59,59,58,60,59,58,58,59,59,59,59,59,59,59,59,59,59,58,58,58,60,60,60,58,60,59,59,59,59,59,59,59,59,59,58,59,58,59,59,58,59,59,60,59,58,59,58,59,58,59,59,58,58,60,59,59,59,59,58,58,58,60,59,59,59,59,58,58,60,60,60,59,59,60,59,60,59,58,58,60,60,60,59,58,58,58,59,59,59,58,60,59,59,59,59,58
Sponza_YORO,19,20,22,23,24,26,26,24,24,23,22,22,24,21,25,23,22,24,24,23,25,24,24,23,20,20,22,23,24,30,38,37,30,30,32,35,36,41,41,25,22,20,20,18,22,23,25,25,21
Memory,50,49,50,50,50,49,50,50,50,50,50,50,50,50,50,49,50,49,50,51,49,49,49,49,49,49,50,50,49,49,49,49,50,50,50,50,50,49,49,49,50,50,50,50,50,50,50,50,49,50,50,49,50,51,50,50,50,50,50,49,49,49,49,51,51,51,49,50,50,49,50,50,50,50,50,50,50,49,49,50,49,50,51,50,49,51,51,50,50,49,49,50,50,50,50,50,50,49
LostEmpire_YORO,17,17,19,21,19,19,19,18,20,20,18,19,20,20,20,20,19,20,19,19,30,30,28,29,30,30,31,29,28,29,28,30,30,30,26,18,18,18,17,18,18,17,18,17,17,18,18,18,18,18,18,17,19,18,18,18,18,18,18,18,18,19,18,18,18,18,18,18,18,18,18,18,18,18,18,18,18,18
Memory,49,49,48,49,48,49,48,49,48,49,49,49,48,50,49,50,49,49,48,50,48,49,48,49,49,50,49,50,49,50,49,48,49,50,49,48,49,50,49,49,49,50,49,48,49,49,49,48,49,49,48,49,50,48,49,49,50,48,49,49,50,49,49,48,49,50,48,49,48,50,49,50,48,49,49,50,49,50,49,48,49,48,50,48,49,50,49,49,49,49,49,50,49,50,49,48,49,49,50,49,48,49,49,48,49,48,49,48,49,50,49,48,49,48,49,50,49,49,48,49,48,49,48,49,48,49,48,50,49,50,49,49,48,49,50,49,50,49,50,49,50,49,48,49,48,49,50,49,50,48,49,48,50,49,48,49
Prototype_YORO,22,22,23,24,24,25,25,25,23,18,17,21,20,21,23,24,25,25,25,27,28,28,27,26,25,25,25,25,26,27,28,28,28,27,27,27,23,24,22,22,20,20,24,24,25,24,26,26,23,20,20,20,22,22,24,25,26,25,23,25,24,25,25,19,20,19,21,21,23,24,25,22,22,24,26,24,26,24
Memory,54,54,55,53,53,54,54,54,53,54,53,54,54,54,54,55,54,54,53,55,55,53,54,54,54,54,54,53,53,54,53,55,53,54,54,54,53,54,53,54,55,53,53,54,54,54,54,54,53,55,54,55,55,55,54,55,54,55,53,54,54,54,53,54,54,53,53,54,54,54,54,54,55,53,54,55,55,53,54,54,54,54,54,54,54,54,53,55,55,54,53,54,54,53,53,53,54,54,54,53,54,55,53,53,54,54,54,54,53,53,55,54,54,54,53,55,55,54,55,55,54,54,54,54,55,54,54,54,54,54,54,55,55,54,53,55,54,54,53,54,53,54,54,54,54,55,53,54,55,55,54,54,54,54,55,54,53
SciFiCity_YORO,5,15,17,22,21,12,17,20,23,23,21,25,20,21,23,22,8,6,14,19,26,7,7,14,11,9,14,27,29,25,24,14,7,18,16,18,20,20,14,15,18,16,14,17,16,22,15,15,18,20,12,17,18,22,22,15,16,16,24,15,12,13,16,17,22,16,7,14,19,17,4,22,19,9,20,21
Memory,60,58,60,60,59,58,59,59,58,59,60,60,60,59,59,60,58,59,59,58,59,59,59,59,58,58,60,59,59,59,59,59,58,58,58,58,60,60,58,59,59,59,60,60,59,60,59,59,59,59,59,59,59,59,59,59,59,59,58,59,59,59,59,60,58,59,58,60,59,59,59,60,59,58,59,59,59,59,59,58,59,59,60,58,58,58,58,59,58,59,59,58,59,60,59,60,59,59,59,60,59,59,60,59,60,59,59,60,58,59,58,59,60,59,59,59,59,58,58,58,59,59,59,59,59,59,59,59,59,58,60,59,60,59,58,58,59,59,59,59,59,59,58,58,59,58,59,58,59,60,59,59
UnityChan_YORO,22,23,22,24,23,22,22,23,23,22,24,22,23,24,23,22,25,23,22,24,24,24,24,24,23,23,23,23,23,24,23,23,25,26,24,24,23,22
Memory,58,60,59,59,60,59,58,60,59,59,60,59,60,59,60,59,58,60,59,58,58,60,60,59,59,59,58,58,60,59,60,59,59,59,60,59,60,59,60,59,59,60,58,59,60,59,59,60,59,58,60,59,58,58,60,60,59,59,59,59,59,59,60,60,59,59,59,58,60,59,59,60,59,59,60,59,59
Bistro_Fink,5,7,8,7,8,8,9,9,9,10,11,12,12,12,12,12,11,10,11,12,12,12,13,12,6,5,6,5,6,6,5,6,7,8,9,9,9,10,11,5,4,5,8,7,8,10,12,12,12,5,5,6,6,6,6,6
Memory,54,54,55,54,54,55,54,54,55,54,53,54,55,54,55,54,55,54,53,54,55,54,54,55,54,53,55,54,53,54,54,55,54,55,54,55,53,55,54,53,55,54,55,54,53,55,54,54,55,55,55,55,55,54,55,55,55,54,54,55,54,54,55,54,53,55,54,55,55,54,54,54,53,53,55,54,55,55,55,55,54,55,54,53,53,53,54,53,55,54,54,54,54,53,53,55,54,54,55,55,55,54,55,54,55,55,55,55,55,55,55,55,54
Chat_Fink,12,12,11,12,12,12,12,12,12
Memory,71,69,70,71,70,70,71,70,70,71,70,71,69,70,71,70,71,69,70
Conference_Fink,13,13,14,14,13,12,14,14,14,14,12,14,14,14,13,14,14,14,13,13,13,12,13,13,14,14,14,14,14,14,14,14,13,14,12,12,12,13,12,13,13,14,13,12,14,14,14,14,13,14,14,14,14,12,13,13,14,13,13
Memory,60,60,61,60,59,61,60,60,61,60,61,60,60,61,60,59,61,60,61,61,60,61,60,60,61,60,59,61,60,61,60,59,61,60,61,61,60,59,60,60,59,61,60,61,60,59,60,60,59,61,60,60,61,61,60,61,61,60,59,61,60,60,60,59,61,60,60,59,60,61,60,61,60,59,60,60,61,60,61,59,60,61,60,60,61,60,59,60,60,59,61,60,60,59,61,60,60,61,61,60,60,61,60,61,60,61,60,61,60,61,60,60,61,60,59,60,61,61,60
Sponza_Fink,10,10,12,12,12,12,12,12,12,12,11,12,12,10,15,15,16,16,17,15,18,17,17,15,14,16,16,17,18,17,17,16,15,15,15,16,18,18,17,16,14,15,14,15,16,16,17
Memory,51,51,51,51,51,51,50,52,51,52,51,52,51,52,51,52,51,52,51,50,51,50,51,50,52,51,51,51,51,51,51,51,51,51,51,51,52,50,50,52,50,51,51,51,51,52,51,51,52,51,52,51,51,52,52,52,51,51,52,50,51,51,52,52,51,50,51,52,50,51,51,51,52,50,51,51,50,51,52,52,51,51,51,50,52,51,51,50,51,51,51,51,50,51,50
LostEmpire_Fink,14,14,14,14,14,15,14,13,14,14,14,14,14,15,15,14,15,15,14,16,15,14,14,14,14,14,14,14,14,14,14,14,13,13,14,15,14,14,13,14,14,13,10,10,10,10,10,10,10,10,10,10,10,10,10,10,10,10,10,10,10,10,10,10,10,10,10,10,10,10,9,9,12,14
Memory,51,51,51,51,50,50,51,51,51,50,50,50,50,50,49,49,49,49,49,49,51,51,50,50,51,49,51,51,51,51,50,50,50,50,50,50,50,49,51,51,51,50,50,51,51,50,50,50,50,51,51,51,50,50,50,50,51,51,50,50,50,50,50,49,51,50,50,49,51,51,49,51,49,49,50,50,51,51,51,49,51,51,51,50,51,50,51,50,50,51,50,51,50,51,50,51,50,50,49,50,51,49,50,51,49,50,51,50,51,49,50,51,50,50,51,50,51,51,50,51,50,51,50,51,50,50,51,50,50,51,50,51,50,51,49,50,51,50,51,49,50,50,51,49,50,50,50,50
Prototype_Fink,14,16,15,17,15,17,17,17,15,16,16,14,15,15,16,16,17,18,18,17,18,16,18,17,16,16,15,17,17,18,19,19,16,16,20,17,16,16,18,14,14,16,16,17,17,18,18,17,15,15,15,14,15,18,17,18,12,12,14,14,13,12,10,10,11,12,11,12,13,12,12,12,14,13,14,13,12
Memory,54,54,54,56,54,54,55,55,54,54,54,55,54,54,55,56,55,55,56,55,54,55,55,55,55,55,55,54,55,54,54,55,54,54,55,55,55,54,55,54,54,55,55,55,55,54,54,54,56,55,54,55,54,54,54,54,55,54,55,55,54,55,54,54,54,54,54,54,55,54,55,54,54,54,54,55,54,56,55,56,55,56,55,54,55,55,55,54,55,54,55,54,54,55,54,54,55,54,54,55,55,54,54,54,55,55,55,54,55,54,54,55,54,54,54,55,55,55,55,55,55,54,54,55,55,56,55,55,56,55,55,54,55,55,55,55,55,55,54,54,55,54,54,54,54,54,54,54,54,54,55,55,56,54
SciFiCity_Fink,5,10,11,15,13,13,16,15,18,17,16,17,14,17,18,13,5,8,14,16,13,4,12,9,8,8,14,18,17,18,17,10,8,14,13,12,15,14,11,12,11,13,13,14,12,16,11,9,14,12,12,13,15,16,14,11,13,14,12,10,10,12,14,16,13,8,11,14,13,4,18,16,7,18,18
Memory,60,59,60,59,59,58,59,60,60,60,60,59,59,58,58,58,58,60,60,58,60,58,58,60,59,59,59,59,59,59,59,60,59,59,59,59,60,59,58,58,60,60,60,59,59,59,59,60,60,60,60,59,60,59,60,59,60,58,59,59,60,59,60,60,60,59,59,59,59,60,59,59,59,58,59,60,59,59,60,58,58,60,60,60,59,59,60,60,60,59,59,60,59,59,59,59,58,59,60,59,59,59,59,60,59,58,60,59,58,60,60,59,60,59,60,58,60,59,60,59,59,60,59,59,60,59,58,58,58,59,59,59,59,59,60,58,60,60,61,60,59,59,59,59,60,60,60,59,58,59
UnityChan_Fink,14,14,14,14,14,13,12,14,14,14,14,14,14,14,14,14,13,14,14,14,14,14,14,14,14,13,13,14,14,13,14,15,13,12,12,12,14
Memory,60,58,59,59,59,60,60,58,58,59,59,58,60,60,60,60,58,59,59,59,60,59,59,60,58,59,59,60,60,58,58,59,59,58,58,59,59,60,60,59,59,58,60,59,59,59,58,60,60,58,58,59,59,60,60,59,60,58,59,59,59,59,59,59,59,60,60,59,60,60,59,59,59,60
Bistro_Conventional,4,5,6,6,8,6,6,8,8,8,10,12,13,13,14,13,12,12,11,12,13,14,13,6,4,5,4,4,4,4,4,6,6,8,8,8,9,11,4,4,5,6,7,7,11,12,12,5,4,4,4,4,4,4
Memory,57,55,56,56,56,55,55,56,54,55,54,55,55,54,55,54,55,54,55,54,55,54,53,55,54,54,54,53,55,55,55,55,54,53,55,54,54,55,55,54,54,55,55,55,55,55,55,57,56,56,56,56,56,57,57,57,56,54,56,57,55,55,55,55,54,55,55,55,54,55,54,55,54,55,55,54,56,56,56,55,55,55,55,55,54,56,55,55,53,54,54,54,54,54,56,55,55,55,56,55,57,56,55,56,56,56,57,56
Chat_Conventional,11,10,10,11,10,10,11,11,10,10
Memory,70,71,69,70,71,69,70,71,70,70,71,70,70,69,70,71,70,70,71,70,70
Conference_Conventional,14,14,14,15,14,14,16,16,16,15,14,15,16,16,16,16,15,15,14,13,14,14,14,14,14,14,14,14,16,15,14,12,11,11,11,12,11,11,13,14,14,14,14,14,14,14,14,14,14,12,12,13,16,15,14,14,14,15,15,14
Memory,60,61,61,61,61,61,61,60,60,60,60,60,60,61,61,61,61,61,62,61,61,61,60,61,61,61,61,61,61,61,61,61,61,60,60,60,60,61,61,60,60,60,60,62,61,61,61,61,61,60,60,60,60,60,61,61,61,61,62,61,61,61,60,60,61,60,62,60,60,61,60,61,60,61,60,61,60,60,60,61,61,61,61,60,60,60,60,61,61,61,61,61,60,60,60,60,60,60,61,61,60,61,60,60,60,60,60,60,61,61,61,60,60,60,60,61,61,61,61,61,60
Sponza_Conventional,10,10,14,20,20,21,20,20,18,18,19,19,18,16,20,20,20,20,21,22,22,16,15,12,11,12,13,14,15,14,14,14,12,12,13,14,14,16,15,13,11,10,11,12,13,14,15,12
Memory,52,52,52,52,52,51,53,51,51,50,51,52,51,51,51,50,51,52,53,51,51,51,50,50,51,51,53,51,51,50,52,52,51,51,50,52,52,52,52,52,52,52,51,51,51,51,52,52,52,51,51,53,51,52,52,52,52,52,52,51,51,51,51,53,51,52,52,51,52,51,51,51,51,51,51,51,52,52,52,52,51,52,51,52,53,52,52,51,52,50,50,50,51,51,51,51
LostEmpire_Conventional,10,10,11,12,12,11,10,13,16,15,16,16,15,18,16,16,16,16,16,17,16,14,15,15,16,16,16,16,16,16,12,10,10,10,10,10,10,10,10,10,10,10,10,10,10,10,10,10,10,10,10,10,10,10,10,10,10,11,10,10,10,10,15,14,15,15,15,15,15,15,15,15,16,14,15
Memory,50,51,50,51,50,51,50,51,50,50,50,51,50,50,51,50,51,49,50,50,51,51,50,50,50,50,51,49,50,50,50,51,51,51,50,50,50,51,51,51,51,50,50,51,51,50,50,50,51,51,51,49,50,50,51,51,50,50,51,51,51,50,51,50,50,51,50,51,50,51,50,51,50,51,50,51,50,51,51,50,51,51,50,51,50,51,50,51,50,51,50,51,51,50,51,50,51,50,51,50,51,51,50,51,50,50,51,50,50,50,51,50,51,50,50,50,51,51,50,51,50,51,50,51,51,50,50,50,50,50,51,51,51,50,50,50,51,51,50,50,51,51,50,50,50,51,51,51,51,50,51
Prototype_Conventional,14,15,15,14,14,14,15,15,13,12,11,10,12,13,14,15,15,15,16,16,16,16,16,14,16,15,15,16,16,18,16,17,18,18,17,14,13,14,11,10,13,14,14,16,16,16,13,11,10,10,11,12,14,14,16,14,14,15,16,16,12,10,10,11,10,12,14,14,13,12,14,14,14,16,15,12
Memory,55,56,55,55,55,54,55,55,54,55,54,55,54,55,55,55,54,56,55,56,55,55,56,56,55,55,56,55,56,56,56,54,55,54,55,55,54,55,54,54,55,55,55,55,56,54,56,55,56,56,54,54,54,55,55,54,55,55,54,55,55,54,55,54,55,54,55,54,54,55,54,56,54,55,54,55,56,56,55,56,55,54,55,54,55,54,54,54,55,54,55,55,55,56,56,56,56,55,57,56,56,56,56,54,56,56,55,54,55,55,54,55,55,54,55,55,54,54,55,54,54,55,54,56,55,55,55,55,56,56,55,54,55,56,55,55,55,56,55,55,54,56,55,55,54,54,55,54,55,55,56,56
SciFiCity_Conventional,5,9,9,14,10,9,10,13,14,12,15,13,12,13,14,5,4,5,10,15,7,4,8,6,6,12,17,17,16,14,6,7,8,8,10,12,7,6,9,8,7,9,9,14,8,7,14,8,7,11,14,17,15,7,8,15,10,8,8,9,11,17,12,5,9,10,12,5,14,12,10,14
Memory,60,60,61,60,60,60,60,60,61,61,61,60,59,61,60,59,60,59,59,59,60,59,60,60,59,60,58,59,60,60,60,62,62,62,62,60,61,61,59,60,63,63,62,61,61,61,61,61,61,61,60,60,58,59,59,59,59,58,59,59,61,63,60,59,60,61,61,60,59,60,60,60,61,61,61,59,61,61,60,61,60,60,59,60,62,59,60,61,60,61,61,60,59,60,61,61,60,61,61,60,60,59,59,59,59,61,61,60,61,61,59,61,61,61,62,60,60,60,61,61,60,59,59,60,61,61,62,61,60,60,61,59,60,63,62,59,60,61,60,62,60,59,59,60,60
UnityChan_Conventional,19,17,17,19,19,18,18,18,19,16,18,18,18,19,19,18,18,17,14,15,14,15,14,14,13,14,14,14,14,14,14,14,15,15,12,14,13,14
Memory,60,60,60,60,59,60,60,60,59,59,60,60,59,60,59,60,60,60,60,59,59,59,59,59,61,60,59,59,60,60,60,59,60,59,59,59,59,60,60,59,59,60,59,59,60,59,59,60,60,60,60,60,60,60,60,60,60,59,59,59,59,59,59,59,60,60,59,60,59,60,60,59,59,60,59,60
Bistro_SPI,5,4,4,4,4,5,4,5,6,9,18,29,31,37,37,35,31,25,25,22,29,31,13,4,4,4,4,4,4,4,4,4,4,4,4,5,8,4,4,4,4,4,5,11,15,16,4,4,4,4,4,4,4
Memory,93,93,94,94,94,94,93,92,92,92,92,93,92,93,93,92,92,91,92,93,92,93,92,92,92,92,93,92,93,91,92,92,93,93,92,92,92,91,93,92,93,92,92,93,92,93,93,91,94,94,93,94,93,94,93,93,93,93,94,94,94,93,94,94,93,94,93,93,92,93,92,93,92,92,94,93,93,93,93,93,94,93,93,93,92,92,93,92,93,92,93,92,93,92,94,94,93,93,93,93,94,93,93,94,94,92
Chat_SPI,10,9,8,5,5,8,8,8,8
Memory,111,111,110,111,112,111,112,110,111,112,111,112,111,112,111,112,111,112
Conference_SPI,21,20,25,24,21,24,26,32,35,30,18,10,10,10,10,10,10,7,6,7,7,20,22,22,23,24,23,24,25,26,24,18,18,18,18,18,17,16,16,16,16,17,20,20,22,19,20,20,22,20,16,17,18,27,32,22,21,22,25,26,22,19
Memory,101,102,101,101,101,102,102,101,102,101,102,102,101,101,101,101,102,101,101,100,102,101,101,102,101,102,101,101,102,101,102,101,100,102,101,102,102,101,102,101,102,101,101,102,101,102,101,102,101,102,102,101,102,101,101,102,101,101,101,102,102,101,102,102,101,101,102,101,101,102,101,101,102,102,102,102,101,101,101,101,101,101,101,102,102,101,102,102,101,102,101,102,102,101,102,101,102,101,102,101,101,102,102,101,101,102,101,100,102,102,101,102,101,101,100,101,101,102,101,101,102,101,102,102
Sponza_SPI,9,10,13,18,29,36,34,26,22,18,18,19,24,12,8,8,9,10,10,13,33,34,33,12,11,13,18,28,22,10,11,10,10,13,18,27,35,35,22,11,10,10,10,12,18,26,22,9
Memory,93,92,92,92,92,92,92,92,92,93,92,92,91,93,92,92,92,93,92,93,91,92,93,92,92,92,93,93,92,91,93,92,91,93,92,92,92,91,92,93,91,92,91,92,92,93,93,92,93,92,92,93,93,93,91,91,92,93,93,92,92,92,92,93,92,92,93,92,93,93,91,92,93,91,93,93,92,92,91,92,92,93,92,93,92,93,92,92,93,93,93,91,92,92,93,93
LostEmpire_SPI,4,4,5,5,4,5,4,4,4,4,6,8,4,4,5,9,4,4,4,4,5,4,4,4,4,4,4,4,4,4,4,4,4,4,4,4,4,4,4,4,4,4,4,4,6,4,4,4,4,4,4,4,4,4,4,4,4,4,4,4,4,4,4,4
Memory,91,92,92,91,91,92,91,91,92,92,91,92,90,91,92,92,91,91,92,91,91,92,91,92,91,91,92,92,91,91,91,92,92,91,91,92,92,91,92,92,91,91,92,91,91,92,92,91,91,92,91,91,92,92,91,91,92,91,91,92,91,91,92,92,91,92,92,91,91,92,91,91,92,90,91,92,92,91,92,92,91,91,92,90,91,92,92,91,91,92,91,91,92,90,91,92,92,91,91,92,92,91,92,92,91,91,92,91,91,92,92,91,91,92,91,91,92,92,91,91,92,91,91,92,92,91,92,92
Prototype_SPI,10,12,14,13,19,28,35,30,13,10,8,8,10,13,17,25,30,17,22,42,46,43,42,23,11,16,25,31,36,43,37,22,22,37,52,35,5,7,10,7,6,13,8,8,8,10,10,6,6,6,8,9,14,23,38,27,13,18,31,44,19,5,5,4,4,9,15,22,19,8,9,7,8,8,6
Memory,97,97,97,96,97,97,97,98,97,96,97,96,97,96,97,96,98,98,97,97,98,97,97,97,97,97,97,97,97,97,96,96,97,97,97,97,97,97,97,97,97,97,97,96,97,96,97,97,96,98,97,96,96,96,97,97,97,96,97,96,96,98,96,97,97,97,97,96,96,97,96,98,96,97,96,98,97,98,98,98,98,98,97,96,96,97,96,96,97,97,97,97,96,98,96,98,98,98,98,97,97,97,98,97,98,97,97,97,97,97,96,96,97,97,97,96,98,96,97,96,96,97,97,97,97,97,97,97,97,98,98,98,97,97,96,96,98,96,98,97,96,97,97,96,96,97,96,97,98,97,98
SciFiCity_SPI,5,10,12,43,15,8,14,21,48,19,36,37,9,21,35,20,4,4,12,42,19,4,4,4,4,6,55,60,49,47,22,4,9,8,11,26,7,6,9,10,6,7,8,25,9,6,20,16,5,9,21,23,22,6,5,22,6,4,4,4,10,9,4,4,5,7,8,23,11,7,10
Memory,101,102,101,102,101,100,102,101,102,101,102,102,101,102,101,101,100,102,100,100,101,100,101,102,101,101,102,101,102,100,101,102,103,102,102,101,101,101,101,101,102,103,103,102,102,103,103,103,103,103,101,100,100,100,100,100,100,100,101,101,101,102,102,102,100,102,102,102,101,102,101,102,101,102,102,102,101,101,101,102,102,101,102,101,101,101,100,101,102,101,101,102,101,100,101,102,101,101,101,101,101,101,101,102,100,102,101,102,102,102,101,102,102,102,103,103,103,101,102,101,102,102,101,102,103,103,103,103,102,100,102,103,103,101,102,102,101,103,101,100,101,101
UnityChan_SPI,42,40,42,42,44,27,10,10,26,42,42,42,42,43,44,42,44,19,10,10,34,48,48,47,50,48,43,25,10,10,10,42,43,46,39,38,36,38,41
Memory,102,103,103,103,104,103,103,104,102,103,103,103,102,104,103,103,102,102,103,104,102,103,103,102,103,103,102,103,104,103,103,104,102,103,103,102,104,103,102,104,103,102,102,102,103,103,103,104,103,104,103,103,102,103,103,103,103,102,104,103,103,102,103,104,102,103,102,102,102,102,102,102,104,104,104,104,104,102,103
