Model: HUAWEI CDY-AN90 
Bistro_YORO,20,22,24,35,39,41,39,38,39,36,39,40,43,48,48,50,48,50,46,47,46,46,50,49,50,47,27,19,23,21,20,18,19,20,22,24,25,27,30,32,37,41,47,26,19,21,25,25,28,32,40,44,50,41,21,21,20,21,21,23,20,21
Memory,73,73,75,74,73,73,73,73,73,74,74,73,74,73,74,74,73,72,72,74,72,74,72,73,74,73,72,74,73,74,72,72,72,72,74,74,73,72,72,74,73,72,72,72,73,73,74,73,72,74,73,72,74,75,74,73,75,74,73,74,74,72,74,74,74,75,72,74,73,74,74,73,72,73,72,74,73,73,72,72,73,74,73,73,73,73,74,74,74,74,72,73,72,72,74,72,72,74,72,74,72,74,72,72,73,74,74,74,74,72,73,74,74,75,73,75,72,74,74,74,72,72,72,74
Chat_YORO,48,49,49,48,49,49,50,49,48,48
Memory,91,92,91,92,92,91,91,93,91,91,92,92,91,93,92,91,91,93,91,93,92
Conference_YORO,50,51,51,51,50,47,51,49,50,51,49,49,49,52,52,52,50,50,52,49,46,50,50,49,48,48,49,49,51,49,50,49,48,45,46,46,47,47,45,46,51,51,49,50,50,51,49,49,51,51,52,46,45,50,51,50,48,48,50,51,50,48,51
Memory,81,82,81,81,81,81,81,83,83,82,81,82,81,81,81,82,81,81,81,81,81,81,81,81,81,81,83,82,82,81,82,81,81,81,81,81,83,81,81,81,81,82,83,83,81,82,82,83,81,83,81,81,81,82,81,83,82,82,83,81,82,81,81,83,83,81,82,83,82,81,81,83,82,81,82,81,81,83,82,81,81,81,81,83,82,81,83,81,81,81,83,83,81,83,81,82,82,81,82,81,82,81,81,81,82,81,81,81,81,81,82,81,81,81,81,81,81,81,81,83,82,81,81,81,81,81
Sponza_YORO,45,43,45,49,52,49,51,49,48,49,49,47,48,45,51,51,49,49,48,50,51,50,50,51,44,42,47,52,50,51,49,49,48,44,45,49,49,50,52,49,50,45,42,41,43,47,50,51,50
Memory,74,74,73,72,74,72,73,73,73,72,72,72,72,72,72,72,72,72,72,73,73,74,72,73,73,72,74,72,74,74,73,73,72,72,73,72,73,73,72,72,73,73,72,72,72,74,74,73,72,73,72,73,73,74,73,72,74,72,73,72,73,73,72,73,72,73,73,73,73,73,73,72,72,72,74,72,72,74,72,72,74,72,74,73,73,74,73,73,72,74,72,72,72,73,72,74,73,73,72
LostEmpire_YORO,44,44,47,50,45,47,48,43,45,44,46,46,46,46,48,45,46,46,48,45,46,49,42,42,45,46,48,45,46,45,45,43,46,46,44,46,44,43,44,41,44,43,43,45,45,43,44,44,44,44,43,44,44,45,46,47,44,44,46,47,47,46,45,46,46,44,45,44,47,46,46,45,45,45,45,45,45,44,45,43
Memory,72,71,71,71,71,71,71,72,73,71,72,71,71,72,71,71,72,71,71,72,71,71,72,73,71,72,71,72,73,71,71,72,71,73,71,73,72,71,73,71,73,71,72,72,73,71,71,72,72,73,73,71,71,73,71,71,71,72,73,71,71,71,73,71,71,71,73,72,72,72,71,71,71,71,72,71,73,71,71,71,73,72,73,71,72,71,71,73,71,71,71,71,71,73,71,71,72,73,72,71,72,71,71,72,71,72,73,73,73,71,71,73,71,71,73,71,71,72,71,71,71,71,72,71,72,72,72,71,71,72,73,71,71,71,71,71,73,72,73,71,72,71,71,73,71,71,73,71,72,73,71,72,72,72,71,71,72,72,71,73
Prototype_YORO,45,47,49,48,49,50,50,48,47,46,36,40,42,46,46,49,47,51,48,52,50,52,51,49,48,48,48,47,49,49,52,52,50,52,54,54,50,50,48,49,44,40,44,50,49,49,51,49,51,49,40,41,41,44,46,50,48,52,50,50,49,50,50,49,42,40,37,39,41,47,50,46,48,47,49,50,47,48,50,48
Memory,78,76,76,76,77,76,77,78,77,76,78,76,77,78,76,77,76,76,77,77,77,78,78,77,78,77,78,76,76,78,78,78,76,76,77,77,77,77,78,76,76,78,78,76,77,76,77,76,78,77,76,77,76,76,76,77,76,77,76,76,76,76,76,76,76,78,77,76,78,77,76,77,78,76,78,77,77,78,77,78,78,78,77,76,78,77,78,76,78,77,77,76,77,78,77,76,78,78,77,76,77,77,77,77,76,76,77,76,76,78,76,76,76,77,77,76,78,77,77,77,77,76,76,77,76,76,78,78,76,77,76,76,78,77,77,78,76,76,76,78,77,77,77,77,76,76,76,76,77,77,76,77,76,76,76,77,77,78,78,78
SciFiCity_YORO,22,35,34,44,47,30,38,42,46,48,47,50,47,44,47,48,33,23,22,36,42,51,20,26,34,27,25,25,42,53,53,51,52,31,23,41,34,34,41,45,30,32,38,31,27,28,37,37,42,29,28,43,33,29,35,43,48,47,32,33,36,46,30,27,30,34,39,46,36,23,27,37,44,22,37,39,41,37,43
Memory,82,81,81,81,82,82,81,81,82,81,82,82,83,81,83,82,81,82,81,81,82,82,82,81,81,81,82,83,82,81,82,81,81,83,82,81,82,81,83,81,81,82,82,82,82,82,83,83,82,81,81,82,83,83,83,81,82,81,82,81,81,82,81,82,82,81,82,81,82,82,82,81,81,82,81,81,81,82,81,81,83,81,83,81,81,82,81,81,81,81,81,81,82,83,83,81,82,81,81,81,81,81,82,82,82,81,83,81,82,81,83,81,82,82,81,82,81,81,81,81,82,83,82,83,82,82,83,82,82,82,83,81,81,82,82,81,82,81,82,83,83,82,82,82,81,81,82,83,83,81,83,81,83,83,81,81,82,81,83
UnityChan_YORO,43,44,45,43,45,46,43,44,44,46,44,45,46,45,43,45,46,44,46,46,48,47,45,45,46,45,46,44,43,46,43,47,47,47,46,44,45,45,45
Memory,83,83,83,82,82,82,81,83,83,83,83,83,81,81,83,82,82,82,82,82,83,83,83,82,82,81,82,82,83,82,83,81,82,82,83,83,83,83,82,81,81,83,82,82,82,83,82,81,81,83,82,82,83,82,82,82,82,82,81,82,83,81,83,82,82,83,82,83,82,83,82,82,82,81,83,81,83,82
Bistro_Fink,10,9,11,12,12,13,13,13,14,14,15,16,15,17,16,16,16,14,15,14,15,14,17,15,15,13,9,13,12,11,11,10,10,12,12,13,14,13,14,15,15,12,11,11,11,13,13,13,16,16,15,12,12,12,11,11,12,12,12
Memory,78,78,77,78,77,77,77,78,78,76,79,77,76,76,76,76,76,76,76,76,76,77,76,76,76,76,76,77,76,76,76,76,76,76,76,76,76,76,76,76,76,76,76,76,76,76,76,76,76,76,78,77,79,78,78,77,78,77,79,77,77,78,78,77,77,77,78,77,76,78,76,76,76,78,76,78,76,76,76,76,76,76,77,77,77,77,78,78,77,76,76,76,76,76,76,76,76,76,76,76,76,76,76,77,77,78,78,77,78,78,77,77,78,78,77,77,78,78
Chat_Fink,14,17,17,18,17,16,17,18,16,17
Memory,92,92,93,94,92,94,92,92,92,92,92,92,92,92,92,92,92,92,92,92
Conference_Fink,16,17,18,18,17,16,17,17,18,17,16,18,17,16,17,17,18,17,15,16,16,19,17,18,17,17,17,19,18,18,18,16,17,17,16,16,17,17,17,16,16,16,16,16,17,16,17,16,17,17,16,16,18,17,16,17,16,16,16,16,16
Memory,83,83,83,83,83,84,83,83,82,83,82,82,82,82,82,82,82,82,82,82,82,84,82,82,82,82,82,82,82,82,82,82,82,82,82,82,84,82,82,82,82,82,82,82,82,82,82,82,82,82,82,82,82,82,82,82,82,82,82,82,82,82,82,82,82,82,82,82,82,82,82,82,82,82,82,82,82,82,82,82,82,82,82,82,82,82,82,82,82,83,82,82,82,82,82,82,82,82,82,82,82,82,82,82,82,82,82,82,82,82,82,82,82,82,82,82,84,82,82,82,82,82
Sponza_Fink,13,15,15,15,15,15,15,16,16,15,15,15,16,15,16,15,15,15,15,16,16,18,15,14,14,17,16,16,16,16,16,15,14,14,16,16,17,16,16,16,15,15,13,14,14,15,15
Memory,75,74,74,74,75,73,73,73,73,73,73,73,73,73,73,73,74,74,74,75,75,73,73,73,73,75,73,73,73,73,73,73,73,73,73,73,73,73,73,73,73,73,73,73,73,73,74,73,73,75,73,73,73,73,73,73,73,75,73,73,75,73,73,73,73,75,73,73,75,73,73,73,73,73,73,73,73,73,73,73,75,73,73,75,73,73,73,73,73,73,73,73,73,73,73
LostEmpire_Fink,16,15,17,18,16,16,16,16,15,15,16,15,15,16,17,17,16,16,15,17,19,16,16,15,15,16,15,16,16,15,17,16,15,17,16,17,16,16,16,16,16,16,15,17,16,15,15,16,15,15,16,15,14,16,14,16,15,16,15,18,16,14,15,16,16,16,16,15,16,16,15,16,15,15,16,16
Memory,72,72,72,72,72,72,72,72,72,72,72,72,72,72,72,72,72,72,72,72,72,72,72,72,72,72,72,72,72,72,72,72,72,72,72,74,73,72,72,72,72,72,72,74,72,72,72,72,73,72,72,72,74,72,72,72,72,72,72,72,72,72,72,72,72,72,72,72,72,72,72,72,72,72,72,72,72,73,72,72,72,72,72,72,72,72,72,72,72,72,73,72,72,72,72,74,72,72,72,72,72,72,72,72,72,72,72,72,72,72,72,72,72,72,72,72,72,72,72,72,72,72,72,72,72,72,72,72,72,72,72,72,72,72,72,72,72,72,72,72,72,72,72,72,72,72,72,72,74,72,72,72,72
Prototype_Fink,16,16,16,15,16,16,16,16,15,16,15,13,13,15,15,16,17,16,16,16,16,16,19,17,15,16,17,16,17,16,16,17,16,18,17,15,17,16,17,15,15,18,16,17,15,15,17,15,16,15,15,14,19,16,20,20,18,15,15,17,15,15,15,14,16,14,15,16,18,16,15,16,15,14,16,14,16
Memory,77,77,77,77,77,77,77,77,77,77,77,77,77,77,77,77,77,77,77,77,77,77,77,77,77,77,77,77,77,77,77,77,77,78,77,77,77,77,77,77,77,77,77,77,78,77,78,77,77,79,77,77,77,77,77,77,77,77,77,77,77,77,77,77,77,77,77,77,77,77,77,77,77,77,77,77,77,77,77,77,77,77,77,77,77,77,77,77,77,77,77,77,77,77,77,78,77,77,78,77,77,77,77,77,77,78,77,77,77,77,77,79,77,77,77,77,77,77,77,77,77,77,77,77,79,77,79,77,77,77,77,77,79,77,77,77,77,77,77,77,78,77,77,77,77,77,77,77,77,77,77,77,77,77
SciFiCity_Fink,11,13,15,17,14,13,14,14,20,14,14,16,16,16,16,15,11,11,13,15,14,9,12,14,12,11,12,16,18,17,16,15,11,14,14,13,14,14,13,13,16,14,14,15,15,14,15,14,14,16,12,14,15,15,15,14,15,15,15,14,12,16,15,17,16,13,12,13,14,14,12,14,15,15,13,14
Memory,83,83,81,81,81,81,81,81,81,81,82,83,81,81,81,81,81,81,81,81,81,82,81,81,81,81,81,81,81,81,81,83,82,82,82,82,81,81,81,81,81,81,85,82,82,81,82,82,82,84,82,82,82,82,81,81,81,81,81,81,81,81,81,82,81,82,81,81,81,81,81,81,81,81,81,81,82,81,81,81,83,81,81,81,83,82,82,81,81,83,81,81,81,81,82,81,83,83,81,81,82,82,82,81,81,81,81,81,81,81,82,81,81,81,82,81,81,81,81,83,82,82,81,82,81,81,81,83,81,81,81,81,83,83,82,81,81,81,81,81,83,83,81,81,81,81,81,82,81,81,81,81,81
UnityChan_Fink,13,15,15,14,15,14,15,14,14,14,14,14,14,14,15,15,15,15,12,16,15,16,14,16,15,14,14,14,14,14,13,16,14,14,15,16,15,16
Memory,82,83,81,81,81,81,81,83,81,81,83,81,81,81,81,81,82,81,81,81,81,82,83,82,83,83,82,82,82,82,82,82,82,82,82,82,82,82,82,82,82,82,82,82,82,82,82,82,82,82,82,83,83,82,82,83,83,84,82,83,82,82,82,82,82,82,82,82,82,82,82,82,82,82,83,82
Bistro_Conventional,11,12,12,12,14,14,14,15,15,16,17,18,17,18,18,20,19,18,18,18,18,18,19,20,19,12,10,12,10,10,10,10,10,12,12,13,14,14,15,17,18,12,10,11,13,14,14,16,17,18,18,13,10,11,10,10,12,12,10
Memory,79,79,79,78,78,79,77,78,78,79,79,77,77,77,77,78,77,77,77,78,78,77,77,77,77,77,78,77,78,78,78,77,78,77,77,78,77,77,78,78,78,77,78,77,77,77,77,77,77,77,78,78,78,77,78,79,78,78,78,78,78,79,79,79,77,78,78,77,77,79,79,78,77,77,77,77,77,77,77,78,77,78,78,78,79,78,78,78,78,77,78,79,77,78,77,78,77,77,78,77,78,77,77,79,79,79,79,79,78,78,78,78,78,78,78,79,78,78
Chat_Conventional,18,18,18,18,18,18,18,18,18,18
Memory,93,94,94,92,92,94,92,92,94,94,94,92,92,92,93,93,94,92,93,93
Conference_Conventional,19,20,20,19,19,20,20,22,21,20,20,20,21,22,22,18,21,20,19,20,19,19,20,20,18,19,20,20,20,21,20,19,18,19,18,18,18,18,18,18,18,19,18,18,19,17,18,18,18,21,18,19,19,19,20,23,23,22,22,20,19
Memory,84,85,83,83,84,83,83,83,83,83,84,84,85,83,84,83,83,84,84,84,83,83,83,83,83,84,83,83,84,85,84,83,83,84,84,83,83,83,84,83,83,84,84,83,84,84,83,83,83,84,85,83,85,83,83,83,83,84,84,85,83,83,84,84,83,83,83,84,83,83,83,85,84,84,83,85,84,83,83,83,84,83,85,83,83,84,83,85,83,84,84,83,84,84,83,83,83,84,83,84,84,84,83,84,83,83,84,84,84,84,83,83,84,84,85,84,84,83,83,83,83,83,83
Sponza_Conventional,15,16,16,19,22,19,19,19,18,19,19,18,19,18,18,19,19,19,18,19,19,19,19,18,16,17,19,19,20,20,19,19,18,17,18,19,20,21,19,18,16,15,15,16,19,20,20,18
Memory,74,74,74,75,74,75,75,74,75,76,75,75,74,74,74,75,76,75,74,75,74,75,74,74,74,74,74,74,76,75,75,74,75,75,76,75,74,74,75,74,75,74,74,74,74,75,74,76,74,76,74,75,75,74,74,75,74,75,75,74,74,74,75,74,75,75,74,75,74,74,74,75,75,75,75,74,75,74,74,74,75,74,75,75,74,74,75,76,75,74,75,75,75,74,74,75
LostEmpire_Conventional,19,18,18,19,18,18,19,18,18,19,18,18,18,19,18,18,19,18,18,18,18,17,18,18,18,18,18,18,18,18,18,18,18,18,18,18,19,18,18,18,19,18,18,18,18,18,17,18,17,18,18,18,18,18,19,17,19,21,19,18,20,18,18,19,18,18,18,18,18,19,18,18,17,20,19,16,18
Memory,74,75,75,73,74,74,74,73,74,74,73,74,75,75,73,73,73,73,73,74,74,73,73,73,74,73,73,74,74,73,74,74,73,73,75,74,73,73,74,73,73,73,73,75,73,73,73,75,73,73,73,74,74,73,73,74,74,73,73,74,74,74,73,73,75,74,73,73,73,75,73,74,75,75,75,73,73,73,74,74,73,73,73,74,74,74,73,74,74,74,74,73,73,75,73,73,74,73,73,73,73,73,74,74,73,75,74,74,74,74,74,73,74,73,73,73,73,73,75,74,73,73,73,75,75,73,73,74,74,73,73,75,74,73,73,73,73,73,75,73,73,73,73,73,74,73,74,73,75,74,74,73,73,73,74
Prototype_Conventional,16,17,18,18,20,19,20,22,20,16,16,15,15,16,18,19,19,17,19,19,20,21,21,19,18,19,18,18,19,21,21,21,21,21,22,20,18,20,17,17,16,18,19,19,20,19,18,17,15,16,16,16,16,18,20,20,18,18,20,20,19,16,15,14,15,16,16,18,18,18,18,18,18,17,19,17,16
Memory,77,79,78,79,79,78,77,78,79,79,78,78,78,77,79,77,79,77,77,79,79,79,79,79,78,78,78,79,78,79,77,78,78,78,79,77,78,78,79,77,77,77,79,79,78,78,79,77,77,77,77,77,77,77,77,77,77,77,77,77,79,77,78,77,77,77,78,77,77,78,78,78,79,79,79,77,77,78,78,79,79,80,77,78,78,79,77,78,78,77,77,77,77,77,78,79,77,79,79,79,80,78,77,79,77,77,78,78,78,79,77,77,77,78,77,78,78,78,77,77,77,79,77,78,78,79,78,77,80,78,78,77,77,78,77,79,78,78,78,77,77,78,78,78,77,78,78,77,78,78,77,78,78,79
SciFiCity_Conventional,12,14,15,19,20,15,16,17,19,18,17,18,17,17,21,17,12,9,12,16,19,13,8,13,13,11,11,18,22,22,20,19,12,13,17,15,16,17,15,14,14,14,14,14,16,15,17,14,14,17,14,13,14,17,18,18,13,13,16,15,13,13,14,14,17,15,11,12,14,15,12,15,15,14,14,15
Memory,82,83,83,81,83,84,84,81,82,83,82,83,82,82,81,84,83,82,81,83,82,81,82,83,81,83,83,83,83,81,81,84,82,84,84,84,82,82,83,81,82,82,83,83,84,83,82,82,84,83,83,83,83,83,83,82,83,82,81,81,82,81,81,82,84,84,82,82,83,83,82,84,82,82,82,82,84,83,83,84,83,82,83,83,81,84,83,83,83,82,83,83,83,83,82,83,82,84,82,82,83,84,83,84,82,84,83,81,81,83,83,84,83,82,83,83,81,82,83,82,84,83,83,83,83,83,82,81,82,82,82,83,83,82,84,82,82,82,83,83,84,84,82,81,83,83,83,84,82,83,81,82,83
UnityChan_Conventional,16,17,19,18,18,18,17,17,18,17,16,16,17,21,18,18,16,17,18,18,20,20,17,18,18,19,16,15,17,16,16,16,17,20,18,18,17,18
Memory,82,82,82,82,83,83,83,83,82,83,82,82,82,82,83,82,83,83,82,82,82,82,82,82,82,82,83,82,83,83,83,82,82,82,82,82,82,82,82,82,82,83,82,82,83,83,83,83,82,83,82,82,84,83,82,82,82,82,82,82,83,83,82,82,82,83,83,83,83,83,82,82,82,82,83,83
