Model: Xiaomi MI 6 
Bistro_YORO,17,18,18,18,21,23,23,24,26,26,27,32,35,37,37,39,39,39,38,42,39,39,41,45,45,37,19,16,18,17,15,14,14,15,17,22,22,23,22,25,30,35,30,18,16,19,22,22,23,28,29,36,33,22,17,17,17,18,18,17,16
Memory,78,79,79,78,78,78,78,78,77,76,77,78,77,77,78,77,77,77,78,77,77,78,76,77,77,78,76,77,77,78,77,78,77,78,77,78,76,77,77,77,78,77,77,78,77,77,77,77,77,77,77,78,77,78,78,78,78,78,78,78,78,78,78,78,77,77,78,77,77,77,77,78,77,76,78,78,77,78,77,78,77,76,77,77,76,78,78,78,78,78,78,78,77,77,78,77,77,78,78,78,77,77,76,78,76,78,77,77,78,77,78,77,79,77,78,77,78,78,78,78,77,77
Chat_YORO,40,40,37,37,36,35,38,37,38,39
Memory,95,96,95,96,95,95,95,95,95,95,94,95,95,96,96,96,96,95,95,96,95
Conference_YORO,40,38,33,40,36,39,42,43,45,45,39,40,43,43,42,43,44,45,39,38,37,36,33,40,39,40,38,38,37,42,44,38,30,30,33,32,35,34,33,38,38,33,37,37,38,33,36,35,35,39,34,34,33,33,48,46,37,36,36,38,45,37
Memory,86,85,85,85,86,85,85,85,85,86,87,86,85,85,86,86,86,86,86,86,86,85,86,85,85,86,85,86,85,86,86,85,86,86,85,85,85,86,85,85,85,86,86,87,86,86,85,86,85,86,85,86,86,85,86,86,86,85,87,85,85,87,86,86,85,86,85,86,86,86,85,85,85,85,85,86,86,85,86,85,85,86,85,85,85,85,86,86,85,85,85,86,86,85,85,85,86,85,86,85,85,85,85,85,85,86,86,86,85,85,85,85,85,85,85,85,85,85,85,86,86,85,86,86,86
Sponza_YORO,28,30,33,38,43,46,47,46,43,42,42,39,40,33,37,39,41,37,37,39,38,42,42,39,30,34,32,36,40,41,40,41,34,32,31,34,39,40,42,38,31,27,27,29,32,30,37,41,37
Memory,77,77,76,76,77,78,77,76,76,76,77,77,77,76,77,77,76,76,76,77,76,76,76,77,76,76,77,76,77,76,76,75,77,76,77,77,77,76,76,77,76,76,77,77,76,76,77,78,76,77,76,77,77,76,76,76,75,76,77,76,77,76,77,76,77,78,77,76,76,77,77,77,76,77,76,77,76,77,76,77,77,78,76,77,77,77,77,77,78,77,76,76,77,76,77,76,77,76,77
LostEmpire_YORO,32,35,37,39,37,37,36,35,36,36,35,38,37,38,37,35,39,36,38,35,37,36,33,33,35,36,36,37,34,35,36,33,33,36,35,35,37,35,31,31,34,34,34,33,33,32,36,34,32,31,31,33,34,35,35,34,32,36,35,35,36,33,35,34,33,33,35,36,34,34,33,36,37,36,34,35,34,34,32
Memory,76,76,75,75,75,76,75,76,75,75,75,75,76,76,76,75,76,76,75,75,75,75,75,76,75,75,75,76,76,76,76,75,76,75,76,75,75,76,75,75,75,75,76,75,75,75,75,75,75,75,75,75,75,75,75,75,75,75,76,76,76,77,76,76,76,75,75,75,75,75,75,75,76,76,76,76,76,76,75,75,75,76,76,76,76,76,75,75,75,75,75,76,75,75,76,75,75,75,75,75,75,76,75,75,75,75,75,76,76,76,76,75,75,75,75,76,76,75,75,75,76,76,75,75,75,75,76,76,75,75,76,76,76,76,76,76,76,76,75,75,75,75,75,76,75,76,76,76,76,76,76,76,76,75,75,76,76,76,76
Prototype_YORO,31,34,35,35,36,35,38,38,37,35,31,27,32,32,35,36,38,39,38,40,43,42,41,42,35,36,34,40,38,41,44,45,43,44,45,44,41,33,32,37,30,27,34,37,37,38,39,39,38,30,28,30,29,28,34,37,40,38,35,34,36,43,41,34,28,26,26,26,29,32,33,33,30,30,31,32,34,34,28
Memory,82,82,81,81,81,82,82,82,82,82,81,81,81,81,82,81,82,82,82,82,82,83,83,82,82,81,82,82,81,81,82,82,82,81,81,82,81,82,81,81,82,81,83,82,83,82,81,82,82,82,81,81,82,83,82,82,81,82,82,82,82,82,82,82,81,81,81,81,81,81,83,82,82,81,82,81,82,83,83,81,83,83,81,82,83,81,81,81,82,82,82,83,83,83,82,81,82,82,83,81,83,82,83,82,83,83,81,83,82,82,82,81,81,81,82,81,82,82,81,82,82,82,83,81,82,82,83,82,82,81,82,83,82,81,83,82,82,82,82,82,83,82,83,82,82,81,83,82,82,82,82,81,82,82,82,81,82,82,82
SciFiCity_YORO,18,22,24,28,35,21,23,26,33,35,36,40,34,29,35,37,21,16,18,24,34,33,14,19,21,18,16,19,38,45,44,42,40,19,22,29,25,28,37,26,25,27,27,22,24,26,26,32,26,21,26,34,18,22,28,37,39,27,27,24,34,23,19,18,20,26,32,28,19,19,26,33,19,26,30,26,25,30
Memory,88,88,87,87,87,87,87,87,86,86,86,87,87,86,87,86,87,85,87,86,86,86,87,87,86,86,87,87,86,85,86,86,88,86,87,87,86,86,87,87,87,86,86,88,89,88,89,90,90,89,89,89,89,89,89,89,88,88,88,88,89,89,88,89,88,90,90,89,88,90,89,89,90,89,89,89,89,88,88,89,89,89,89,89,88,89,90,88,89,89,88,88,89,88,88,90,89,89,89,90,90,88,88,88,88,89,88,89,89,88,88,89,89,89,88,90,90,89,89,88,88,88,89,89,89,89,89,89,88,89,88,90,88,88,89,89,89,88,88,90,89,88,88,88,90,89,88,88,89,88,88,90,89,88,88,88,89
UnityChan_YORO,29,31,31,31,30,31,31,31,32,30,29,29,32,31,33,31,32,33,32,32,35,33,33,33,31,30,32,31,31,32,31,30,29,31,32,29,29,29,31
Memory,88,88,89,89,88,90,89,89,90,89,88,89,88,88,90,89,88,90,89,88,90,88,90,89,89,89,88,89,89,89,89,90,89,89,89,89,88,88,89,88,90,88,89,90,89,89,89,88,89,88,89,88,88,88,88,90,89,89,88,90,90,89,89,88,89,88,89,88,89,88,89,90,89,89,90,89,88,90
Bistro_Fink,12,10,10,12,12,13,14,14,14,14,12,13,14,14,13,14,14,13,14,13,14,14,14,14,13,11,12,11,10,11,10,12,12,12,12,12,12,14,14,13,12,12,11,12,12,12,13,13,14,14,12,12,12,10,11,11,11,12
Memory,84,86,85,84,84,84,85,85,85,85,85,83,85,84,85,84,85,84,84,83,85,84,83,84,84,85,85,84,84,85,84,84,83,85,85,83,85,85,83,83,85,84,84,83,85,84,84,83,85,86,85,85,85,85,84,85,86,85,84,86,85,85,84,85,86,84,85,84,85,85,84,84,84,84,85,84,85,83,84,85,84,86,86,85,85,85,83,83,85,84,83,84,83,84,84,85,84,84,84,84,85,85,85,84,84,85,85,85,84,86,85,84,85,85,85,85
Chat_Fink,13,14,14,14,14,14,14,14,14,14
Memory,101,100,101,99,99,100,100,101,101,101,100,100,101,101,99,100,100,100,101,99
Conference_Fink,13,14,14,14,14,14,14,14,14,14,14,14,14,14,14,14,14,14,14,14,14,14,14,14,14,13,14,14,14,14,14,14,13,14,14,13,14,15,14,14,14,14,13,14,13,13,14,14,14,14,14,14,14,14,14,14,14,14
Memory,91,92,91,90,89,90,90,91,90,91,91,90,91,90,89,90,90,91,90,90,91,90,91,90,89,90,89,90,89,90,89,90,91,90,90,91,90,91,90,90,91,91,90,89,91,90,91,91,90,91,90,91,90,91,90,91,90,91,91,90,90,91,91,90,91,90,90,91,90,90,90,89,91,90,89,90,91,90,91,91,90,89,91,90,91,90,91,90,90,90,91,89,91,90,90,89,91,90,90,91,91,89,89,90,90,91,91,90,90,90,90,91,91,89,91,90,90
Sponza_Fink,12,12,14,14,14,14,14,15,14,14,12,14,13,14,14,14,14,14,14,14,14,14,13,12,12,13,14,14,14,14,14,13,13,12,14,14,14,14,13,13,12,13,13,14,14,14
Memory,82,82,82,81,81,82,80,80,82,81,81,82,81,81,82,82,80,81,81,82,81,82,82,82,81,82,82,82,81,81,82,81,81,82,81,81,80,81,81,82,81,80,82,81,82,81,82,82,80,81,81,81,82,82,81,82,81,81,82,81,82,82,81,82,82,81,82,81,81,82,81,80,81,81,82,81,82,80,81,81,82,81,82,82,81,81,82,81,81,82,81,81,81
LostEmpire_Fink,12,13,14,14,14,14,13,13,14,14,14,14,14,14,14,13,13,14,14,15,13,14,14,14,14,13,12,13,13,14,14,14,14,13,14,13,14,13,12,12,13,14,14,12,12,13,13,13,14,14,12,13,13,14,12,13,13,14,14,12,12,13,14,14,12,13,14,14,14,13,12,12,13,12,12
Memory,80,81,80,81,81,80,81,80,79,81,80,81,80,82,80,80,80,79,81,81,80,81,81,80,79,81,80,81,80,80,81,81,80,81,80,80,81,81,80,80,81,79,81,81,81,80,80,81,80,79,81,81,81,80,80,82,80,81,80,80,81,81,80,82,81,80,80,80,80,81,81,80,79,81,80,82,80,81,80,80,80,80,80,80,79,81,80,80,81,79,80,80,80,81,80,79,81,81,80,80,80,81,80,81,80,80,80,80,80,81,80,81,81,81,81,80,80,81,80,80,81,80,80,80,80,80,80,81,79,80,81,80,80,80,81,81,81,81,81,81,81,80,80,81,80,81,81,80,81,79
Prototype_Fink,12,13,14,14,14,14,14,14,14,12,12,13,12,13,13,14,14,14,14,14,14,14,14,14,14,14,14,14,14,14,14,14,14,14,14,14,14,13,12,12,14,14,14,14,14,14,13,12,12,14,14,14,14,14,14,13,14,14,14,14,14,13,13,14,13,14,14,14,12,14,14,14,14,13,13
Memory,84,85,85,85,86,85,84,85,85,85,84,86,84,84,85,85,85,84,85,84,86,86,86,86,85,84,84,84,84,85,85,85,84,85,86,84,85,85,84,85,84,86,85,84,85,85,85,86,85,84,84,85,85,85,85,85,85,84,85,84,84,85,84,85,84,85,84,85,85,84,85,86,85,85,85,85,86,86,85,84,85,85,85,85,85,84,84,84,86,85,85,85,85,84,86,86,85,85,84,85,85,86,85,85,85,85,85,85,84,84,86,85,84,85,85,85,84,84,84,85,86,86,86,84,84,85,86,85,85,85,85,85,85,85,85,85,85,85,85,84,85,86,84,85,86,84,85,85,85,84
SciFiCity_Fink,12,12,12,13,13,12,13,12,14,12,14,14,13,13,14,13,12,12,13,14,12,10,12,12,12,11,13,14,14,14,14,12,12,13,12,12,13,12,12,13,12,12,12,12,13,13,12,12,13,12,12,12,13,12,13,12,12,14,12,12,12,12,13,13,12,11,13,12,12,10,14,12,12,13,12
Memory,90,89,90,90,89,89,88,89,89,90,91,90,89,89,89,89,90,88,89,89,90,88,89,90,89,89,90,89,89,90,91,90,90,90,90,89,89,90,89,89,90,91,91,89,90,89,89,90,90,90,91,89,89,89,90,89,88,90,89,89,89,89,90,91,88,89,89,90,89,90,90,89,89,89,90,89,89,90,90,90,90,89,91,89,89,90,90,90,90,90,88,90,91,89,89,89,89,89,89,89,91,89,88,91,88,89,89,90,91,89,90,89,88,89,89,88,89,90,89,89,90,89,89,89,90,89,90,90,90,90,89,90,90,89,89,89,90,91,91,89,89,89,90,90,89,90,90,90,90,89
UnityChan_Fink,12,12,13,12,13,13,12,14,13,12,12,12,13,13,13,13,14,15,13,14,15,13,13,13,13,12,12,12,13,12,13,14,14,14,14,12,12
Memory,90,89,90,89,89,89,89,90,90,90,90,90,90,89,90,90,90,90,89,90,90,89,90,89,88,89,90,90,89,89,89,89,89,89,90,90,89,89,88,89,90,90,90,90,89,90,90,90,90,90,89,90,90,89,90,89,89,90,91,89,90,90,88,90,89,90,89,89,89,90,89,89,90,88,89
Bistro_Conventional,10,10,11,12,13,12,14,13,13,13,14,14,14,15,14,15,15,14,15,14,14,14,15,14,14,11,10,12,10,10,10,10,10,12,12,13,13,14,14,14,14,10,9,11,12,13,13,13,14,16,14,11,10,10,10,10,12,10,10
Memory,85,87,84,85,84,86,84,85,85,84,85,85,84,84,85,85,84,85,85,84,83,84,85,83,83,83,83,84,84,84,83,84,85,85,85,84,85,85,85,85,83,83,85,85,85,83,83,85,85,84,85,85,86,84,84,84,85,85,87,87,85,86,85,84,86,84,84,85,84,85,85,84,85,85,85,85,84,85,84,84,84,85,86,86,85,85,86,84,84,83,84,83,84,84,84,85,85,84,83,85,85,84,85,84,84,84,84,85,84,86,84,85,84,84,84,85,87,84
Chat_Conventional,15,14,15,16,16,14,14,14,15,14
Memory,99,101,101,101,100,101,100,100,101,100,100,100,100,101,101,100,100,100,100,100
Conference_Conventional,14,15,14,14,14,15,14,14,15,14,14,14,14,16,14,15,15,14,15,14,14,15,14,14,16,15,15,14,15,14,14,14,13,14,14,14,14,14,14,15,14,14,14,14,16,14,15,14,14,14,14,15,16,15,14,14,13,14,14,14
Memory,91,90,91,91,90,90,90,91,91,91,91,91,91,91,91,90,91,90,90,91,91,91,90,90,89,91,91,91,91,90,90,90,89,90,91,91,91,91,91,90,90,90,90,90,90,90,91,91,90,90,91,91,90,91,91,90,90,90,90,91,91,91,91,91,90,90,90,90,90,90,90,91,91,91,91,90,90,90,91,90,90,91,91,91,90,90,90,90,90,91,91,90,90,91,90,90,90,90,90,90,90,90,91,91,90,90,90,90,91,91,91,90,91,90,90,91,91,91,90,90,90
Sponza_Conventional,13,13,14,14,15,15,14,15,14,14,14,16,14,15,15,14,15,14,14,15,15,16,15,13,14,14,14,16,15,16,15,14,14,14,15,16,16,15,14,13,13,13,14,14,15,15,14
Memory,81,82,82,82,81,81,81,81,81,82,82,82,82,81,81,82,81,82,81,82,81,81,81,81,81,82,82,81,80,81,81,81,81,81,81,81,81,80,82,81,80,81,81,82,81,81,81,80,81,82,81,82,81,81,82,82,80,82,81,81,82,81,81,82,82,81,81,81,81,81,81,82,82,80,81,81,81,81,82,81,82,82,82,81,81,81,81,82,80,81,82,82,82,82,82
LostEmpire_Conventional,14,14,15,16,14,14,14,14,15,14,15,14,15,14,14,14,16,15,14,14,14,14,14,14,14,14,14,15,14,14,15,14,14,14,14,15,14,14,14,14,14,14,14,15,14,14,14,14,15,14,14,14,14,14,14,15,14,15,14,14,15,14,14,14,14,14,14,14,14,14,14,14,14,14,14,14
Memory,81,81,81,79,80,80,80,80,80,80,81,81,81,81,81,81,79,80,81,81,81,81,81,81,81,81,80,80,81,81,81,80,81,81,79,81,81,80,80,79,81,80,80,81,81,81,81,81,81,80,80,80,79,81,80,80,81,81,81,80,80,81,81,81,80,80,80,80,80,80,80,80,80,81,81,81,80,80,80,81,81,81,80,80,80,80,80,80,80,80,80,80,80,80,81,81,81,81,81,81,81,80,80,80,80,81,81,81,81,79,80,80,80,80,79,80,80,80,80,81,80,80,80,81,81,81,81,81,81,80,80,80,80,80,80,80,80,80,80,80,80,80,80,79,81,81,81,81,81,80,80,80,80
Prototype_Conventional,13,13,14,14,14,14,15,15,14,12,13,14,14,14,14,16,14,14,16,14,14,15,16,14,14,14,15,14,14,14,16,14,14,15,14,14,14,14,13,13,14,14,14,14,14,14,14,12,13,14,13,14,14,14,15,15,14,14,14,15,14,14,12,14,13,14,15,14,14,14,14,14,14,14,14,14
Memory,86,85,86,85,84,85,86,85,85,86,85,86,85,86,86,85,85,86,86,85,86,85,85,87,85,86,85,85,85,85,85,85,85,86,85,84,84,84,84,84,85,85,85,85,85,84,84,85,85,85,84,85,84,84,85,85,85,85,85,84,85,84,84,84,84,85,84,85,85,85,86,85,84,85,85,85,85,85,86,85,85,85,85,84,84,84,86,85,85,86,85,85,85,86,86,85,85,85,85,86,85,85,84,85,84,85,85,85,86,84,85,85,85,84,85,85,86,84,86,84,84,85,84,85,86,85,85,85,85,84,86,86,86,85,85,86,86,85,85,84,86,85,85,85,85,85,85,85,85,85,85,84
SciFiCity_Conventional,10,12,12,13,14,12,12,13,14,14,14,14,13,14,15,13,10,10,12,14,15,6,11,12,12,10,13,16,14,15,14,14,11,14,12,13,14,13,13,13,12,12,12,13,13,13,11,11,14,12,12,12,14,14,14,11,12,14,13,12,10,12,13,14,13,11,12,12,13,9,12,12,13,14,13
Memory,89,90,90,89,89,90,88,89,89,89,91,90,89,89,89,89,90,89,90,88,90,89,89,90,89,90,88,90,89,89,89,90,89,91,89,90,90,89,90,90,88,91,89,93,89,89,90,89,89,89,92,89,90,90,90,90,89,88,89,90,90,88,89,90,92,89,89,90,90,90,90,89,90,90,90,89,89,89,90,89,90,89,89,89,88,90,89,89,88,89,89,89,90,89,89,90,90,89,92,90,89,89,89,90,89,90,89,90,90,89,89,90,90,90,89,89,89,89,91,89,91,90,89,89,89,90,89,89,91,89,92,92,89,90,89,89,89,89,93,93,89,88,89,89,90,89,90,90,90,88
UnityChan_Conventional,14,14,14,14,14,14,14,14,14,14,14,13,14,14,14,14,14,14,14,14,14,14,15,15,14,14,13,14,14,14,14,14,14,14,14,14,14
Memory,90,90,90,90,89,89,89,90,90,89,89,89,90,90,89,89,89,89,88,89,89,89,89,90,90,90,90,90,90,89,89,89,90,90,89,89,89,89,90,89,90,88,90,89,89,89,90,89,89,88,89,89,90,90,90,90,90,90,90,90,90,90,89,90,89,90,90,89,89,89,90,90,90,90
