Model: Xiaomi MI 6 
Bistro_YORO,50,52,54,58,60,60,60,60,60,60,60,60,60,60,60,60,60,60,60,60,60,60,55,60,60,60,60,49,56,57,51,48,47,49,51,53,57,59,60,60,60,60,60,60,48,46,56,60,60,60,60,60,60,60,60,52,53,53,51,53,51,49,51
Memory,54,55,55,54,56,55,55,55,54,53,53,53,53,53,53,53,53,53,53,53,53,53,53,53,53,53,53,53,53,53,53,53,53,53,53,53,53,53,53,53,53,53,53,53,53,54,53,53,53,53,53,53,53,54,55,55,54,53,54,55,56,54,55,54,55,55,54,54,55,54,55,54,54,54,55,55,53,53,53,53,53,53,53,53,53,53,53,55,54,55,56,55,54,54,54,54,54,53,53,53,53,53,53,53,53,53,53,53,53,54,54,55,55,55,55,55,54,54,56,55,55,55,56,55,54,54
Chat_YORO,60,60,60,60,60,60,60,60,60,60
Memory,71,71,71,71,71,71,71,71,71,71,71,71,71,71,71,71,71,71,73,71,71
Conference_YORO,60,60,60,60,60,60,60,60,60,60,60,60,60,60,60,60,60,60,60,60,60,60,60,60,60,60,60,60,60,60,60,60,60,60,60,60,60,60,60,60,60,60,60,60,60,60,60,60,60,60,60,60,60,60,59,60,60,60,60,60,60,60,60
Memory,62,62,62,62,62,62,62,62,62,62,62,62,62,62,62,62,62,62,62,62,62,62,62,62,62,62,62,62,62,62,62,62,62,62,62,62,62,62,62,62,62,62,62,62,62,62,62,62,62,62,62,62,62,62,62,62,62,62,62,62,62,62,62,62,62,62,62,62,62,62,62,62,62,62,62,62,62,62,62,62,62,62,62,62,62,62,62,62,62,62,62,62,62,62,62,62,62,62,62,62,62,62,62,62,62,62,62,62,62,62,62,62,62,62,62,62,62,62,62,62,62,62,62,62,62,62,62
Sponza_YORO,60,60,60,60,60,60,60,60,60,60,60,60,60,55,60,60,60,60,60,60,60,60,60,60,60,60,60,60,60,60,60,60,60,60,60,60,60,60,60,60,60,60,60,60,60,60,60,60,60,60
Memory,52,52,52,52,52,52,52,52,52,52,52,52,52,52,52,52,52,52,52,52,52,52,52,52,52,52,52,52,52,52,52,52,52,52,52,52,52,52,52,52,52,52,52,52,52,52,52,52,52,52,52,52,52,52,52,52,52,52,52,52,52,52,52,52,52,52,52,52,52,52,52,52,52,52,52,52,52,52,52,52,52,52,52,52,52,52,52,52,52,52,52,52,52,52,52,52,52,52,52,52
LostEmpire_YORO,60,60,60,60,60,60,60,60,60,60,60,60,60,60,60,60,60,60,60,60,60,60,60,60,60,60,60,60,60,60,60,60,60,60,60,60,60,60,60,60,60,60,60,60,60,60,60,60,60,60,60,60,60,60,60,60,60,60,60,60,60,60,60,60,60,60,60,60,60,60,60,60,60,60,60,60,60,60,60,60
Memory,52,52,52,52,52,52,52,52,52,52,52,52,52,52,52,52,52,52,52,52,52,52,52,52,52,52,52,52,52,52,52,52,52,52,52,52,52,52,52,52,52,52,52,52,52,52,52,52,52,52,52,52,52,52,52,52,52,52,52,52,52,52,52,52,52,52,52,52,52,52,52,52,52,52,52,52,52,52,52,52,52,52,52,52,52,52,52,52,52,52,52,52,52,52,52,52,52,52,52,52,52,52,52,52,52,52,52,52,52,52,52,52,52,52,52,52,52,52,52,52,52,52,52,52,52,52,52,52,52,52,52,52,52,52,52,52,52,52,52,52,52,52,52,52,52,52,52,52,52,52,52,52,52,52,52,52,52,52,52,52,52
Prototype_YORO,59,60,60,60,55,60,60,60,60,60,55,60,60,60,60,60,60,60,60,60,60,60,60,60,60,60,60,60,60,60,60,60,60,60,60,60,60,60,60,60,60,60,60,60,60,60,60,60,60,60,60,60,60,60,60,60,60,60,60,60,60,60,60,60,59,60,60,60,60,60,60,60,60,60,60,60,60,60,60,60
Memory,58,58,58,58,58,58,58,58,58,58,58,58,58,58,58,58,58,58,58,58,58,58,58,58,58,58,58,58,58,58,58,58,58,58,58,58,58,58,58,58,58,58,58,58,58,58,58,58,58,58,58,58,58,58,58,58,58,58,58,58,58,58,58,58,58,58,58,58,58,58,58,58,58,58,58,58,58,58,58,58,58,58,58,58,58,58,58,58,58,58,58,58,58,58,58,58,58,58,58,58,58,58,58,58,58,58,58,58,58,58,58,58,58,58,58,58,58,58,58,58,58,58,58,58,58,58,58,58,58,59,58,58,58,58,58,58,58,58,58,58,58,58,58,58,58,58,58,58,58,58,58,58,58,58,58,58,58,58,58,58,58
SciFiCity_YORO,46,59,58,60,60,56,60,60,60,60,60,60,60,60,60,60,58,41,41,57,60,60,41,41,54,50,47,44,55,60,60,60,60,53,40,59,59,55,60,60,55,57,59,58,55,54,60,55,60,57,52,58,58,48,57,60,60,60,54,59,57,60,56,50,52,53,54,59,59,47,43,55,54,51,35,60,54,47,55,54
Memory,64,63,65,63,65,63,63,63,63,63,63,64,63,63,63,63,63,63,63,63,63,63,63,63,63,63,63,63,63,63,63,63,63,64,65,63,63,65,63,65,63,63,63,63,64,65,65,64,64,64,63,64,64,64,64,64,64,63,63,63,63,63,63,63,63,63,63,64,65,64,64,65,64,65,65,64,64,63,63,63,65,65,63,64,64,63,64,65,64,63,63,64,64,63,63,63,63,63,63,65,65,65,65,63,63,65,64,64,63,64,64,63,63,63,63,63,63,65,65,64,65,64,63,63,64,64,63,64,63,64,64,64,65,64,63,64,63,63,64,64,64,64,65,63,63,63,65,65,64,64,64,64,63,63,63,64,64,63,64,64
UnityChan_YORO,59,60,60,60,60,60,60,60,60,60,60,60,60,60,60,60,60,60,60,60,60,60,60,60,60,60,60,60,60,60,60,60,60,60,60,60,60,60,60
Memory,63,63,63,63,63,63,63,63,63,63,63,63,63,63,63,63,63,63,63,63,63,63,63,63,63,63,63,63,63,63,63,63,63,63,63,63,63,63,63,63,63,63,63,63,63,63,63,63,63,63,63,63,63,63,63,63,63,63,63,63,63,63,63,63,63,63,63,63,63,63,63,63,63,63,63,63,63,63,63
Bistro_Fink,15,15,15,18,21,24,25,25,27,26,30,36,36,43,44,45,45,44,44,47,47,46,43,46,50,41,18,11,16,13,13,13,14,15,17,17,22,21,20,28,34,40,36,14,14,19,23,23,26,30,34,40,41,25,16,14,14,14,15,16,16
Memory,59,59,58,60,59,59,59,59,60,59,60,59,59,59,59,60,58,58,60,60,59,59,59,58,59,58,58,58,60,59,58,58,58,60,59,58,60,59,59,59,60,58,58,58,59,60,59,59,58,60,59,60,60,59,60,59,59,59,59,60,59,60,59,60,59,60,60,59,60,60,59,58,59,58,60,60,59,59,60,59,59,59,58,59,60,61,59,59,58,60,59,60,59,60,59,58,58,60,60,59,59,60,60,59,60,60,60,60,60,60,60,59,59,60,59,60,59,58,61,60,59,59
Chat_Fink,54,53,53,56,55,53,54,54,55,53
Memory,75,75,75,75,75,75,75,76,76,74,75,75,75,75,75,75,75,75,75,75,75
Conference_Fink,43,44,48,47,42,41,46,49,56,52,44,44,48,51,49,49,50,48,44,43,41,41,42,44,43,44,43,45,47,47,49,44,39,37,37,35,37,38,37,39,44,43,43,43,43,41,45,42,40,42,42,38,40,47,55,57,48,48,51,57,56,48,43
Memory,65,65,66,65,66,65,66,65,65,65,65,65,66,65,66,66,66,66,66,66,66,65,65,66,66,65,66,66,65,66,65,66,65,65,64,65,65,66,66,66,65,66,66,66,66,65,66,65,65,66,65,65,66,66,65,66,66,66,66,65,65,66,65,65,66,65,66,65,66,66,65,65,66,65,65,66,65,66,66,65,66,66,65,65,66,66,66,66,65,66,66,66,65,65,65,65,66,66,65,65,65,66,65,65,66,66,65,66,65,65,65,65,66,66,66,65,66,65,64,64,66,66,66,65,66,66
Sponza_Fink,31,37,40,45,48,49,50,48,48,50,50,50,49,42,47,47,46,45,46,45,46,46,46,46,37,40,43,48,49,50,48,48,45,37,38,41,42,46,50,47,45,40,37,36,37,40,46,48,47
Memory,57,57,56,55,55,57,55,57,56,56,55,56,56,55,56,56,57,56,56,56,56,56,56,56,55,57,56,56,55,57,56,57,56,57,57,56,57,56,56,57,55,56,57,55,56,56,57,56,56,57,56,57,57,55,56,55,57,56,56,56,57,56,56,57,56,57,57,57,55,57,56,57,56,56,57,56,57,57,56,57,56,56,55,56,57,56,56,56,56,56,56,57,57,56,55,57,56,56,56
LostEmpire_Fink,38,41,47,51,49,46,46,43,45,46,43,40,40,43,44,39,42,43,46,42,37,30,30,31,38,43,42,39,41,42,44,42,39,41,40,42,41,43,38,39,41,39,39,41,39,39,39,39,37,38,40,38,39,38,41,41,38,41,45,43,40,40,43,41,40,39,39,40,41,38,37,39,38,37,39,40,39,39,40
Memory,55,56,55,56,55,55,56,56,55,55,56,55,55,56,55,55,56,55,55,56,56,56,56,55,55,56,56,56,54,54,55,55,56,56,56,56,55,55,55,55,55,56,56,56,56,55,55,55,55,55,55,54,56,56,55,54,55,56,56,56,56,56,56,56,55,56,56,55,55,56,56,56,56,55,56,56,56,55,56,56,56,56,55,54,55,56,56,56,55,54,54,56,55,55,55,56,56,55,56,56,56,56,55,56,55,55,55,55,56,56,56,55,55,56,55,56,55,56,55,56,56,56,54,55,55,55,55,56,56,56,55,54,56,55,55,55,55,56,55,54,55,55,56,56,55,55,55,55,56,55,55,55,56,55,55,54,54,54,54
Prototype_Fink,34,35,38,36,40,41,40,45,43,40,38,37,37,42,44,45,48,46,42,40,45,48,48,47,42,41,40,41,42,45,48,47,45,44,45,47,43,35,36,43,33,32,38,45,44,44,47,48,45,35,30,34,36,37,38,41,44,45,40,41,42,43,44,44,28,32,28,31,35,42,43,40,36,39,40,40,41,40,35
Memory,59,59,59,59,60,61,60,59,59,59,61,59,60,59,60,60,59,60,60,60,59,60,61,60,60,60,59,59,60,59,59,59,60,60,60,60,59,59,59,60,59,60,60,59,59,60,60,59,58,59,59,60,61,60,59,59,59,59,59,59,59,60,60,59,59,60,60,59,59,60,59,60,60,59,60,60,60,60,59,60,60,59,61,60,60,60,59,59,60,59,60,60,60,59,60,59,59,60,59,60,60,61,61,60,59,60,59,59,59,60,60,59,59,60,59,61,59,59,59,59,59,59,60,59,59,60,60,60,60,60,59,60,60,59,60,61,60,60,59,60,60,60,59,60,59,59,59,60,59,60,59,61,60,60,61,60,61,61,60
SciFiCity_Fink,14,20,23,35,40,17,24,29,33,35,33,36,33,27,34,37,21,13,14,26,36,32,12,15,16,14,14,18,39,43,41,37,30,14,23,23,23,28,37,19,22,29,21,19,20,26,27,28,17,19,33,19,19,23,29,34,33,20,22,26,24,14,15,17,18,26,24,13,12,21,25,20,16,34,27,17,28
Memory,65,65,64,64,63,65,65,65,63,65,65,64,64,63,64,64,64,64,64,64,64,64,64,64,64,64,63,64,64,65,63,63,65,65,65,64,64,63,65,64,64,63,64,65,67,66,67,67,66,66,67,67,67,67,66,65,65,67,67,66,65,66,65,66,65,67,66,67,65,66,66,67,66,67,66,67,67,66,66,66,66,66,67,66,67,67,66,67,66,66,66,66,66,65,67,67,66,66,67,67,67,67,66,66,67,67,67,67,67,66,67,65,66,67,66,65,65,65,67,67,66,66,67,67,66,67,66,65,66,67,66,67,66,67,67,67,67,66,65,66,67,65,66,66,67,65,67,67,65,66,67,65,67,67,67
UnityChan_Fink,42,43,44,44,45,45,43,42,43,45,43,44,44,43,44,43,43,43,43,43,50,51,48,50,50,49,46,41,44,44,43,43,42,49,49,46,50,45,46
Memory,66,66,66,67,66,66,66,67,67,66,67,65,66,67,67,67,67,67,65,67,67,66,67,66,67,66,66,67,66,66,66,67,66,66,67,66,67,66,66,65,65,67,66,66,66,67,66,66,66,67,67,66,66,67,67,67,66,67,66,67,67,66,67,67,66,66,66,67,67,67,67,67,66,67,67,66,66,67,67
Bistro_Conventional,24,26,30,28,35,39,40,41,42,43,45,48,52,54,59,56,57,57,56,56,55,54,55,55,60,56,32,21,25,23,20,20,24,21,29,35,40,44,44,42,47,51,53,36,25,26,35,37,40,41,42,48,52,50,26,27,25,27,28,28,27,25
Memory,61,61,62,61,61,62,61,62,62,62,62,61,61,62,61,61,61,62,62,61,61,61,61,61,61,61,62,61,61,61,62,61,62,62,61,61,62,61,60,62,61,61,61,61,62,61,62,60,61,61,62,62,60,61,61,62,61,61,63,62,63,61,63,63,62,62,61,61,61,61,61,62,61,61,61,61,62,61,62,60,61,60,61,62,62,62,61,62,61,61,62,62,61,62,62,60,61,61,60,62,61,62,62,61,62,62,61,61,62,61,62,61,61,62,61,61,61,61,62,61,61,61,62,62
Chat_Conventional,51,52,54,59,58,54,52,58,56,53
Memory,78,77,77,77,76,77,78,76,77,77,78,78,77,77,77,78,78,78,77,78,77
Conference_Conventional,48,48,52,51,47,48,47,52,56,55,45,50,58,57,57,57,56,55,49,48,48,51,50,51,49,48,49,50,52,54,54,47,44,44,43,43,44,44,45,46,50,48,49,50,48,49,49,50,49,47,48,45,45,51,56,56,49,48,49,50,55,49,49
Memory,68,67,68,68,68,67,67,68,68,67,68,67,68,68,68,68,68,68,67,68,68,68,67,68,67,67,67,67,67,67,67,68,68,68,68,67,68,67,67,68,68,67,68,68,68,67,67,67,68,67,68,67,67,67,68,67,68,68,67,67,67,67,68,68,67,67,67,67,68,67,67,68,68,67,67,68,67,68,67,67,68,67,68,68,67,68,67,68,67,68,67,67,68,67,67,68,67,67,68,68,67,69,67,68,68,68,68,67,68,68,68,67,68,68,67,67,68,68,67,67,67,67,68,68,68,67
Sponza_Conventional,39,43,46,51,55,56,55,54,51,51,52,54,55,49,52,57,56,55,55,55,57,59,56,54,44,43,47,52,55,58,57,56,55,44,36,50,53,56,58,58,51,45,41,42,43,47,52,57,57,47
Memory,58,58,60,58,59,59,57,58,58,59,58,58,58,59,58,59,58,57,59,58,58,58,57,57,59,58,58,58,59,59,58,58,57,58,59,59,58,59,59,57,58,59,58,57,58,59,58,58,58,58,59,58,58,57,58,58,59,57,58,59,57,58,58,59,59,58,58,58,58,59,58,59,59,58,59,57,58,58,59,59,57,58,58,59,58,59,59,58,58,59,59,59,58,57,58,57,58,58,58,58
LostEmpire_Conventional,54,55,57,59,58,57,57,55,57,55,57,58,57,59,59,57,59,57,58,56,58,60,56,53,52,54,53,53,53,55,55,52,53,53,55,56,56,56,55,52,54,51,52,54,52,52,52,52,51,51,50,52,53,52,53,54,54,52,53,54,52,54,53,54,53,52,52,52,54,52,53,55,54,52,53,52,54,53,52,52
Memory,57,57,58,57,57,58,58,58,57,57,58,58,57,57,57,58,57,58,57,57,58,57,57,58,57,57,58,58,57,58,58,58,57,58,58,58,57,57,57,57,57,56,56,57,58,57,58,58,57,58,58,57,57,58,58,57,58,58,58,58,58,58,58,58,57,57,58,58,57,58,58,57,58,58,56,57,57,58,58,58,58,57,58,58,58,57,57,57,58,58,58,58,58,58,58,58,58,58,58,57,57,57,58,58,58,57,57,58,58,57,57,58,58,57,57,57,57,57,57,58,58,58,58,58,57,57,57,58,56,57,56,58,58,57,57,58,58,58,57,57,56,57,58,58,58,57,57,57,58,58,58,57,56,58,58,58,58,58,58,58
Prototype_Conventional,32,33,34,35,37,38,39,42,36,31,34,32,35,39,41,37,48,48,45,47,51,52,52,52,43,43,46,47,48,50,52,54,52,52,54,55,50,39,38,47,35,34,38,47,44,45,48,50,50,39,33,33,36,38,40,45,49,51,46,42,44,49,50,46,38,33,33,35,35,42,48,46,38,38,41,45,45,46,42,38
Memory,62,63,63,61,62,61,62,63,62,62,61,63,62,61,61,61,62,62,61,62,62,63,62,61,62,61,61,61,62,63,62,63,63,61,62,63,63,63,62,62,62,62,62,61,61,62,62,61,62,61,62,61,61,61,62,61,62,62,62,62,63,63,61,61,61,62,61,61,61,61,61,61,63,62,61,61,62,62,63,61,62,61,62,61,62,63,62,62,62,61,62,61,62,61,62,62,61,62,62,61,63,62,62,62,63,61,62,61,61,61,61,61,63,62,61,62,61,62,62,62,61,61,63,61,61,63,62,62,61,61,62,61,61,62,62,62,63,62,62,61,62,63,63,63,61,62,61,61,62,61,61,62,61,62,63,61,61,61,62,62
SciFiCity_Conventional,15,27,27,38,45,23,32,34,40,42,39,43,39,36,40,44,25,14,16,31,41,40,10,15,17,14,13,22,49,52,50,46,39,15,29,29,28,34,42,22,27,33,27,23,25,35,30,35,23,18,37,26,22,28,36,42,45,24,28,30,34,21,15,19,25,31,39,19,14,19,31,30,13,45,33,20,36,34
Memory,68,68,67,67,67,67,67,66,66,67,66,67,66,67,67,65,66,66,65,66,67,66,66,67,66,66,67,67,66,65,66,65,66,67,67,67,67,67,67,67,67,66,67,68,66,67,67,67,67,66,68,66,67,67,67,66,65,66,66,67,67,66,66,66,65,66,67,69,66,67,66,66,66,66,67,66,65,66,67,67,66,67,66,66,66,67,66,66,67,67,66,67,66,67,66,67,67,66,67,66,66,66,66,67,66,65,66,66,66,66,66,66,66,66,66,66,67,66,67,66,67,66,66,68,66,67,67,66,67,67,66,67,67,66,67,67,67,67,67,65,66,66,67,69,68,67,66,66,67,65,67,68,66,66,66,66
UnityChan_Conventional,44,44,44,45,44,44,44,44,45,45,43,44,44,43,44,45,45,46,45,46,54,56,49,34,47,46,45,44,43,43,44,43,46,51,54,46,46,45,45
Memory,66,66,66,67,66,67,66,66,67,66,67,66,67,66,67,66,66,66,67,66,67,66,66,66,66,66,66,67,67,66,67,67,67,66,67,67,67,66,67,66,67,66,66,67,67,66,68,66,67,67,66,66,66,66,66,66,67,67,67,66,67,67,66,66,66,66,66,66,66,67,66,66,66,66,67,67,66,66,66
Bistro_SPI,13,15,16,17,19,23,27,31,33,33,38,48,56,60,60,60,60,60,60,60,60,60,60,60,56,25,11,10,10,10,10,10,10,10,10,12,13,14,18,23,36,51,51,11,10,11,15,18,24,32,51,60,60,24,10,9,10,10,12,11,13
Memory,51,50,51,52,51,51,52,51,51,51,50,51,50,50,50,51,49,50,50,49,50,49,51,50,50,49,49,49,49,49,49,49,49,49,49,49,49,49,49,49,49,49,49,49,49,49,49,49,49,50,50,50,52,51,52,52,52,52,51,51,52,51,52,51,51,51,52,52,51,51,50,50,52,50,51,51,50,51,49,50,50,49,51,49,50,50,50,50,51,51,49,51,50,51,50,50,50,50,50,50,50,49,49,49,49,50,51,50,51,51,51,50,51,50,51,52,52,50,52,51,51,51
Chat_SPI,60,60,60,60,60,60,60,60,60,60
Memory,68,68,68,68,68,68,68,68,68,68,68,68,68,68,68,68,68,68,68,68,68
Conference_SPI,60,60,60,60,60,60,60,60,60,60,60,60,60,60,60,60,60,60,60,60,60,60,60,60,60,60,60,60,60,60,60,60,60,60,60,60,60,60,60,60,60,60,60,60,60,60,60,60,60,60,60,60,60,60,60,60,60,60,60,60,60,60,60,60
Memory,58,58,58,58,58,58,58,58,58,58,58,58,58,58,58,58,58,58,58,58,58,58,58,58,58,58,58,58,58,58,58,58,58,58,58,58,58,58,58,58,58,58,58,58,58,58,58,58,58,58,58,58,58,58,58,58,58,58,58,58,58,58,58,58,58,58,58,58,58,58,58,58,58,58,58,58,58,58,58,58,58,58,58,58,58,58,58,58,58,58,58,58,58,58,58,58,58,58,58,58,58,58,58,58,58,58,58,58,58,58,58,58,58,58,58,58,58,58,58,58,58,58,58,58,58,58,58,58,58
Sponza_SPI,38,46,56,60,60,60,60,60,60,59,60,60,60,57,52,60,60,60,60,60,60,60,60,60,51,46,50,60,60,60,60,60,60,48,49,56,60,60,60,60,60,57,45,44,44,49,59,60,60,60
Memory,51,51,51,50,51,50,49,49,49,49,49,49,49,49,49,49,49,51,49,51,49,51,49,49,49,49,49,50,50,49,49,49,49,49,49,49,49,49,49,49,49,49,49,49,49,49,49,49,51,50,50,50,51,49,49,49,49,49,49,49,49,49,49,49,49,49,51,49,50,50,51,50,49,49,49,49,49,49,49,49,49,49,49,50,50,50,50,50,49,49,50,49,51,49,49,49,49,49,49,49,50
LostEmpire_SPI,20,27,53,60,48,56,49,20,20,24,28,33,38,59,60,38,52,54,60,53,23,16,16,17,28,53,44,26,35,41,29,29,32,40,32,23,22,31,16,16,17,18,25,36,28,19,23,39,20,17,19,26,31,40,48,52,39,19,46,52,45,43,43,42,27,17,21,40,39,44,25,25,29,24,33,34,39,30,20,19
Memory,49,48,48,49,49,48,48,48,50,49,48,48,48,49,49,50,49,50,50,49,49,49,50,50,49,48,49,48,48,49,48,50,49,50,48,48,48,48,48,49,49,49,49,49,49,50,48,49,49,49,49,48,49,50,50,50,48,50,49,49,50,50,50,49,49,50,49,49,49,49,48,48,48,49,48,49,49,50,48,49,49,48,49,50,49,49,50,49,49,49,48,49,48,48,50,49,49,50,49,49,50,49,49,49,49,49,50,50,50,48,49,50,49,48,49,48,50,49,50,49,49,50,48,48,50,48,48,50,49,48,49,50,48,50,49,49,48,50,49,49,50,49,49,48,49,49,48,48,49,49,50,48,49,49,49,49,49,50,49,50
Prototype_SPI,32,42,52,44,48,60,60,60,51,32,27,25,25,32,42,55,60,60,53,60,60,60,60,60,49,34,46,59,60,60,60,59,60,58,60,60,60,40,27,32,32,22,23,50,60,60,60,60,60,56,27,22,24,26,30,38,55,60,60,52,43,58,60,59,34,20,22,23,26,30,42,57,59,36,41,59,60,60,60,48,33
Memory,54,54,55,54,54,55,55,55,54,55,53,53,53,53,53,53,54,54,54,55,55,55,56,55,55,54,55,55,55,54,54,53,53,53,53,53,55,55,53,53,53,53,53,53,53,53,53,53,55,55,54,55,55,54,53,53,53,53,53,53,53,53,55,53,53,54,54,53,53,53,53,55,53,53,54,55,54,56,54,56,56,56,54,54,56,54,54,53,53,53,53,53,53,53,53,53,53,53,53,54,56,55,55,54,55,55,54,55,55,54,55,55,55,53,53,53,54,54,54,55,55,55,54,53,53,53,53,55,55,55,56,56,55,54,56,55,55,55,54,55,55,54,55,53,53,55,54,56,54,54,55,53,53,53,53,53,53,54,54,55,55,54
SciFiCity_SPI,23,43,39,58,60,32,46,60,60,60,60,60,57,48,60,60,49,23,22,35,55,60,29,18,22,19,18,18,30,60,60,60,60,47,22,40,42,40,52,60,27,34,45,47,36,29,39,32,59,47,30,42,59,24,32,45,60,60,50,30,30,47,44,20,17,17,22,33,53,22,17,18,23,39,18,44,45,43,38,42
Memory,60,59,59,60,60,57,57,57,57,59,59,60,60,58,59,59,57,57,57,57,59,57,57,57,57,58,59,59,57,58,57,59,58,60,59,60,59,60,59,59,58,57,57,57,60,60,60,59,58,60,60,60,60,60,60,60,58,57,57,57,57,57,57,57,57,57,57,60,60,59,60,59,60,58,59,58,59,58,57,58,59,59,60,59,59,59,59,59,59,60,59,59,60,60,58,59,57,57,59,57,60,58,58,57,57,60,60,59,58,58,59,59,57,57,57,57,57,59,59,59,59,58,58,57,59,60,60,60,60,60,60,59,59,59,59,60,59,59,58,59,60,60,60,60,60,59,59,59,60,60,57,57,58,59,58,60,57,59,59,59,59
UnityChan_SPI,60,60,60,60,60,60,60,60,60,60,60,60,60,60,60,60,60,60,60,60,60,60,60,60,60,60,60,60,60,60,60,60,60,60,60,60,60,60,60,60
Memory,59,59,59,59,59,59,59,59,59,59,59,59,59,59,59,60,59,59,59,59,59,59,59,61,59,59,59,59,59,59,59,59,59,60,59,59,59,59,59,59,59,59,59,59,59,59,59,59,59,59,59,59,59,60,59,59,59,59,60,59,59,59,59,60,59,61,61,59,59,60,59,59,59,59,59,59,59,59,59,59
