Model: Oculus Quest 
Bistro_YORO,53,62,69,71,76,83,92,100,110,107,110,120,120,120,120,120,120,120,120,120,120,120,120,120,120,120,106,67,60,62,62,60,60,58,58,58,62,68,76,84,94,108,120,120,117,62,59,59,79,82,98,114,120,120,120,120,70,66,66,63,58,58,60,61
Memory,55,54,54,55,53,55,53,55,54,53,54,54,54,54,53,53,54,54,53,54,53,53,53,54,55,53,53,53,53,53,53,53,53,53,53,53,53,53,53,53,53,53,53,53,53,53,53,53,53,53,53,53,53,54,54,55,54,55,53,53,54,54,54,55,55,55,55,54,54,55,55,54,55,54,55,54,53,55,54,55,54,53,54,54,55,53,53,54,53,55,54,55,55,55,55,54,53,54,54,54,53,53,54,55,55,54,54,53,54,53,53,53,54,54,54,54,53,55,54,55,54,55,55,55,55,55,55,55,54
Chat_YORO,120,120,120,120,120,120,120,120,120
Memory,71,71,71,71,71,71,71,71,71,71,71,71,71,71,71,71,71,71,71,71,71,71
Conference_YORO,120,120,120,120,120,120,120,120,120,120,120,120,120,120,120,120,120,120,120,120,120,120,120
Memory,61,61,61,62,61,63,61,61,62,61,61,61,61,61,61,61,61,61,61,61,61,61,61,61,61,61,61,61,61,61,61,61,61,61,61,61,61,61,62,61,61,61,61,61,61,61,61,61,61,61,61,61,61,61,61,61,61,61,61,61,61,61,61,61,61,61,63,61,61,61,61,61,63,61,61,61,61,61,61,61,61,63,61,61,61,61,61,61,61,61,61,61,61,61,61,61,61,61,61,61,61,61,61,61,61,61,61,61,61,61,61,61,61,61,61,61,61,61,61,61,61,61,61,61,61,61,61,61,61,61,61
Sponza_YORO,120,120,120,120,120,120,120,120,120,120,120,120,120,120,120,120,120,120,120,120,120,120,120,120,120,120,120,120,120,120
Memory,53,54,53,53,53,53,53,53,52,52,52,52,52,52,53,54,53,53,53,53,53,53,53,53,54,52,54,53,53,52,52,52,52,52,52,52,52,52,52,52,53,52,52,52,52,52,52,53,54,53,53,53,54,53,52,53,52,52,52,54,52,52,52,52,52,52,52,54,53,54,53,54,53,52,53,53,53,54,52,52,52,53,52,53,53,53,52,53,53,53,53,53,52,54,54,53,53,52,54,52,52,53,54
LostEmpire_YORO,120,120,120,120,120,120,120,120,120,120,120,120,120,120,120,120,120,120,120,120,120,120,120,120,120,120,120,120,120,120,120,120,120,120,120,120,120,120,120,120,120,120,120,120,120,120,120,120,120,120,120,120,120,120,120,120,120,120,120,120,120,120,120,120,120,120,120,120,120,120,120,120,120,120,120,120,120,120,120,120,120
Memory,51,51,51,51,53,51,51,51,51,51,51,51,51,51,51,51,51,51,51,51,51,51,53,52,51,51,51,51,51,51,51,51,51,51,51,51,51,51,51,51,51,51,51,51,51,51,51,51,51,51,51,51,51,51,51,51,51,51,51,51,52,51,51,51,51,51,51,51,51,51,51,51,51,51,51,52,51,51,51,51,51,51,51,51,51,51,52,51,51,51,51,51,51,51,51,51,51,51,51,51,51,51,51,51,51,51,51,51,51,51,51,51,51,51,51,51,51,51,51,51,51,51,51,51,52,51,51,51,51,51,51,51,53,51,51,51,51,51,51,51,51,51,51,51,51,51,51,51,52,52,51,51,51,51,51,51,51,51,51,51,51,52,51,51,51,51
Prototype_YORO,120,120,120,120,120,120,120,120,120,120,120,120,120,120,120,120,120,120,119,120,120,120,120,120,120,119,120,120,120,120,120,120,120,120,120,120
Memory,58,58,59,58,57,58,58,58,59,58,59,59,59,57,57,57,58,59,58,59,57,58,59,59,59,59,58,59,59,58,59,59,59,58,59,58,59,59,58,59,57,57,57,57,57,57,57,57,57,57,59,59,59,59,59,59,58,57,58,58,58,58,57,57,57,59,58,59,58,58,57,59,57,57,57,58,58,58,59,58,59,59,59,58,59,59,58,59,58,59,59,58,58,59,59,58,58,58,58,59,58,59,58,58,58,59,59,59,59,59,59,59,58,59,58,58,58,58,58,57,59,58,58,58,58,59,58,57,57,57,58,58,59,59,58,59,59,59,59,59,59,58,58,59,58,58,58,58,58,58,59,58,59,58,57,57,57,58,58,59,59,58,58,58,58,58
SciFiCity_YORO,72,107,97,120,90,110,120,120,120,120,120,75,66,73,120,106,60,64,68,60,60,60,98,97,67,107,107,98,120,115,81,103,120,109,82,83,119,95,120,96,81,109,88,80,114,120,106,102,81,108,79,62,60,66,78,108,82,60,60,65,107,73,77,120,111,74,120,120
Memory,64,63,64,64,63,63,64,63,62,63,64,64,62,63,62,63,63,62,64,64,63,63,62,64,63,64,64,63,63,64,62,64,62,64,64,64,63,63,63,63,64,62,64,63,62,63,65,65,66,65,66,66,66,65,66,66,66,65,66,66,64,64,64,64,64,64,64,64,64,65,65,66,65,65,66,65,65,65,64,66,65,64,64,65,65,66,66,66,66,64,66,65,65,66,66,66,65,65,65,65,65,65,66,66,64,65,64,66,66,66,65,66,66,66,66,65,66,64,65,66,65,65,64,65,66,65,65,66,66,66,66,65,65,65,66,65,65,65,64,66,65,65,66,66,66,66,65,65,66,65,65,65,65,65,66,65,66,65,66,65,64,65,65,64,66
UnityChan_YORO,120,120,120,120,120
Memory,65,65,66,66,66,64,65,64,64,64,64,66,65,66,65,66,65,66,65,65,64,64,66,64,65,64,64,66,66,66,66,65,66,65,66,65,64,64,64,64,64,64,64,64,64,64,64,64,64,64,64,64,64,64,64,64,65,64,65,65,66,66,66,66,65,65,65,65,66,64,64,64,65,65,65,65,66,66,66,66,65,65
Bistro_Fink,34,34,36,37,39,43,50,58,61,59,63,69,74,85,97,89,93,95,87,79,76,74,73,82,97,95,73,46,41,40,39,36,37,35,33,35,35,38,43,48,51,55,66,88,64,36,33,40,47,49,55,60,72,84,91,64,41,41,39,35,34,33,33,34
Memory,54,55,54,55,55,55,55,55,55,54,54,54,55,54,54,54,53,54,54,54,54,53,53,55,53,54,53,54,53,53,54,52,54,53,54,54,55,53,54,54,53,54,54,54,53,54,54,54,53,53,53,54,55,55,54,54,55,54,55,54,54,56,54,54,55,55,55,55,54,55,55,54,55,54,53,53,53,53,54,54,55,54,54,54,54,54,53,53,54,54,54,54,54,55,55,54,54,53,54,54,53,53,53,54,53,55,54,53,54,53,54,55,54,54,54,54,54,54,54,55,54,55,55,55,53,54,53,55
Chat_Fink,109,106,106,108,110,112,114,117,113
Memory,73,72,71,73,72,72,73,72,71,73,72,73,72,72,72,71,71,72,73,72,72,71
Conference_Fink,120,120,120,119,110,112,114,114,114,116,108,107,112,108,113,116,112,116,111,106,105,116,118
Memory,62,62,63,62,62,62,63,63,63,63,62,62,62,62,62,62,62,63,61,63,62,63,62,63,62,62,62,62,62,62,62,62,62,62,62,63,62,62,61,63,63,62,62,62,63,62,63,62,63,62,63,63,63,61,62,62,62,63,63,63,63,62,62,62,63,63,61,62,62,62,62,62,62,63,62,63,62,62,62,62,63,63,62,63,62,62,62,62,62,62,63,62,63,62,63,62,63,63,61,63,63,62,62,63,62,63,63,63,63,63,61,62,63,62,62,63,63,62,63,62,63,63,62,62,62,62,63,62,63,62
Sponza_Fink,80,84,88,95,111,104,97,96,99,108,110,95,95,83,89,97,109,90,90,93,106,111,92,88,84,85,89,93,106,111
Memory,54,52,54,54,54,53,53,53,53,53,54,52,54,52,54,54,54,54,53,54,54,53,53,54,54,53,53,53,53,54,53,52,54,52,54,54,54,54,54,54,53,53,53,53,54,54,53,53,53,53,53,54,54,53,53,54,53,54,53,54,53,54,54,53,54,54,53,54,54,53,54,54,52,54,54,53,52,52,52,53,54,53,53,53,53,53,53,54,54,53,54,54,53,54,53,54,54,54,53,54,52,54,53
LostEmpire_Fink,78,75,79,99,86,83,83,79,78,80,81,80,80,86,87,85,81,79,85,79,88,82,77,76,74,79,77,73,73,82,79,74,80,78,79,81,75,74,71,73,73,74,72,72,73,73,72,72,71,72,72,72,73,72,72,73,73,71,74,77,74,73,71,73,72,72,72,73,74,76,72,72,76,74,72,73,72,72,71,72,74
Memory,53,53,53,53,52,52,53,52,51,53,53,53,53,53,53,52,52,52,52,52,53,52,53,53,53,52,52,53,53,52,52,52,52,53,51,53,53,52,52,53,52,52,52,52,52,52,52,53,52,53,52,52,51,52,52,52,53,53,53,53,52,52,52,52,52,52,52,53,52,52,52,52,52,51,52,53,53,53,52,53,53,53,53,53,52,52,52,53,51,52,52,53,53,52,53,52,51,52,52,53,52,53,52,53,53,53,52,52,51,52,52,53,52,53,53,52,53,53,51,52,53,53,53,52,52,52,53,53,53,52,52,52,53,53,52,53,52,53,53,52,53,53,53,53,52,53,53,53,52,52,52,51,52,53,53,52,52,53,51,53,53,51,52,52,52
Prototype_Fink,106,113,114,101,95,87,80,82,96,113,119,107,99,88,80,80,113,90,81,81,80,86,96,113,109,80,85,80,87,81,88,111,98,84,106
Memory,59,58,58,59,58,58,58,59,57,59,59,58,59,58,59,58,58,58,59,59,59,58,58,59,59,59,59,58,58,59,58,58,58,57,59,59,59,59,59,58,59,57,58,58,58,59,58,58,58,57,59,58,59,58,59,59,59,59,59,59,59,58,57,59,58,57,58,58,59,59,59,58,58,57,59,58,60,59,58,59,58,58,58,59,59,60,58,59,58,58,59,59,59,59,59,58,58,59,57,58,58,59,59,60,60,59,58,58,60,59,60,58,59,58,59,58,58,58,58,59,58,57,59,58,59,58,58,59,58,58,58,59,60,59,58,60,58,58,58,59,58,59,59,58,57,59,58,59,59,58,59,58,59,59,58,58,59,58,58,59,59,58,58,58,59
SciFiCity_Fink,62,80,79,102,78,84,106,103,116,88,110,64,60,63,84,95,49,56,61,52,51,53,98,85,61,97,82,81,92,97,74,80,93,80,73,76,90,92,101,71,74,96,66,74,83,115,87,72,69,98,62,54,48,60,66,97,63,49,54,69,102,52,88,96,95,82,102
Memory,64,64,63,64,64,64,63,62,63,63,64,64,64,64,63,64,64,63,63,64,64,63,63,64,62,63,63,63,63,64,62,63,63,64,63,63,63,63,63,63,64,64,63,63,63,64,67,67,66,65,65,66,66,67,67,66,67,65,66,66,64,64,64,64,64,64,65,64,66,65,66,66,66,65,66,66,65,65,65,65,65,66,66,66,66,66,64,66,66,66,66,66,66,67,66,65,66,66,65,66,66,66,65,67,66,66,66,66,65,65,65,66,65,66,65,65,65,65,64,67,66,66,65,65,66,65,65,66,65,67,67,66,66,66,66,65,67,66,66,66,66,65,67,66,66,67,65,67,65,65,66,66,67,65,65,65,65,65,67,65,65,66,65,66
UnityChan_Fink,119,114,112,109
Memory,66,66,65,65,66,65,65,66,65,66,65,66,66,65,66,66,65,66,66,66,65,66,65,66,66,65,65,66,66,65,65,66,65,66,65,66,66,65,65,66,66,65,65,65,65,66,66,66,66,66,66,66,65,65,66,66,65,66,65,66,65,66,65,65,65,66,66,66,65,66,66,65,65,65,66,66,65,66,66,65,65
Bistro_Conventional,48,48,49,53,59,64,68,82,90,89,89,100,108,120,120,120,120,120,120,120,120,120,120,120,120,120,94,47,41,43,42,41,44,42,42,43,47,53,60,69,81,93,116,120,97,42,39,44,62,69,84,93,114,120,120,104,43,45,45,43,41,42,44,45
Memory,54,54,55,54,54,55,54,55,55,53,55,55,54,55,54,53,53,53,55,53,53,55,54,53,53,54,54,54,53,53,54,53,54,53,54,53,54,53,53,54,54,54,53,54,54,54,53,54,54,55,54,54,54,55,54,54,55,55,55,55,54,55,55,55,55,54,55,54,55,55,55,54,54,53,54,55,54,54,54,54,55,54,53,54,54,54,53,54,55,54,54,54,54,54,54,54,54,54,53,55,55,55,53,55,54,53,54,53,53,54,53,54,54,54,54,54,54,54,54,54,54,54,54,55,54,54,55,54
Chat_Conventional,119,120,120,119,120,120,120,120,120
Memory,72,73,72,71,73,72,72,72,72,72,71,72,71,72,71,72,73,72,73,72,73,72
Conference_Conventional,118,118,118,118,120,120,120,120,120,120,120,120,120,120,120,120,120,120,120,120,120,120,120
Memory,61,63,62,62,63,62,62,63,62,62,61,63,62,61,63,62,62,63,61,62,63,62,63,61,61,63,62,61,63,62,61,63,62,61,63,63,63,62,63,62,63,61,62,63,62,63,61,63,62,63,62,63,62,62,63,62,61,62,62,63,62,63,62,61,63,62,62,62,63,63,63,63,63,63,61,61,63,62,63,62,63,62,63,62,63,62,63,62,62,63,62,63,62,63,62,61,63,63,61,62,61,61,61,63,63,63,63,63,63,63,63,62,62,63,62,62,61,62,61,62,61,62,61,62,63,62,63,62,62,63,63
Sponza_Conventional,120,120,114,117,120,120,120,120,120,120,120,120,120,120,120,120,120,120,120,120,120,120,120,120,120,120,120,120,120,118
Memory,54,53,53,54,54,52,54,53,52,53,53,53,53,54,52,53,53,54,53,54,52,53,52,53,53,53,54,52,54,54,53,52,54,54,54,53,53,53,53,52,54,53,53,54,52,53,53,52,52,54,53,54,53,52,53,53,52,52,53,54,54,54,53,53,53,53,54,54,54,53,53,53,52,53,53,53,53,53,54,53,53,52,53,53,54,53,53,54,54,54,53,54,53,54,53,54,54,54,53,52,52,54,54
LostEmpire_Conventional,120,120,120,120,120,120,120,120,120,120,120,120,120,120,120,120,120,120,120,120,120,120,120,120,120,120,120,120,120,120,120,120,120,120,120,120,120,120,120,120,120,120,120,120,120,120,120,120,120,120,120,120,120,120,120,120,120,120,120,120,120,120,120,120,120,120,120,120,120,120,120,120,120,120,120,120,120,120,120,120,120
Memory,52,53,52,53,52,52,53,51,51,51,51,51,53,53,52,53,52,53,52,53,51,52,52,52,52,52,52,53,52,51,53,53,53,52,52,52,52,52,51,53,52,53,52,52,52,51,52,51,52,53,53,53,52,52,51,51,52,53,53,53,53,53,51,52,53,52,53,53,53,53,52,52,51,52,53,52,53,52,53,52,53,52,53,52,53,52,53,52,52,52,52,53,52,53,52,51,53,51,52,51,52,52,53,52,51,53,51,52,52,52,52,51,51,51,53,53,53,52,53,52,52,52,52,52,52,53,52,52,52,52,53,51,52,52,53,52,53,51,52,52,52,51,52,52,52,53,52,51,52,51,52,52,52,53,52,53,53,53,53,51,52,51,53,52,51,52
Prototype_Conventional,120,120,120,120,120,117,120,120,120,120,120,120,120,110,86,104,120,113,83,89,109,120,120,120,119,95,109,104,120,113,120,120,120,120,120
Memory,58,58,59,58,59,59,59,58,58,59,59,58,58,58,59,57,58,58,59,58,58,59,59,59,59,59,59,59,58,59,57,59,58,58,57,58,58,58,57,58,58,59,59,58,57,58,58,58,58,58,58,59,58,59,59,57,57,57,57,58,59,58,59,58,58,57,58,58,58,59,58,59,57,57,57,57,59,59,59,58,58,58,58,59,58,59,59,59,57,59,59,59,58,59,59,59,57,59,59,59,58,58,59,59,59,58,59,58,59,59,59,58,58,57,59,59,59,57,58,58,58,59,59,59,58,58,58,59,58,57,57,58,59,58,58,58,58,58,58,58,59,58,58,59,58,57,57,58,59,58,58,59,58,59,59,58,57,59,58,59,59,59,59,58,59
SciFiCity_Conventional,53,76,77,111,72,93,120,120,120,90,114,53,48,56,89,93,36,42,46,38,37,38,92,79,48,98,77,76,104,94,66,79,99,79,61,70,94,90,113,66,63,107,59,67,84,120,83,77,65,99,48,40,38,49,56,88,47,36,39,55,86,37,86,99,94,75,94
Memory,67,66,65,66,66,66,65,64,66,64,66,66,66,66,65,66,66,64,65,66,65,66,65,65,65,65,65,65,65,64,66,66,65,66,65,67,66,65,65,65,65,66,66,64,65,67,67,69,68,68,67,68,69,69,69,69,69,68,67,67,68,67,66,68,67,68,67,67,68,68,69,68,68,68,67,68,66,67,68,68,66,67,68,68,68,68,67,68,67,67,68,68,68,68,68,67,68,67,67,68,67,68,68,68,67,67,67,66,67,67,68,67,68,68,67,67,66,67,66,67,67,68,68,68,68,67,67,68,68,67,68,69,69,69,68,68,69,68,66,67,68,68,69,69,69,69,68,68,68,68,68,69,69,66,67,68,68,68,69,68,66,66,67,68
UnityChan_Conventional,120,120,120,120,120
Memory,68,68,67,67,67,67,67,67,68,67,68,67,68,67,68,67,68,67,67,67,67,68,68,67,67,67,68,68,67,67,67,67,67,68,67,68,67,67,68,67,68,68,67,68,68,67,66,67,67,67,68,68,68,68,68,68,67,67,68,68,66,67,67,68,68,67,67,67,67,67,67,67,68,67,67,67,68,68,67,67,67,68
Bistro_SPI,46,48,50,52,60,69,79,91,96,93,95,109,117,120,120,120,120,120,120,120,120,120,120,120,120,120,96,45,39,40,41,38,38,38,38,39,43,47,54,62,75,91,115,120,98,38,35,41,59,63,79,95,114,120,120,105,40,41,41,39,38,38,39,41
Memory,54,53,53,53,54,53,54,54,55,54,53,53,54,53,53,54,53,53,54,54,53,54,54,53,54,52,52,52,52,52,52,52,52,52,52,52,52,52,52,52,52,52,53,53,54,52,52,52,52,52,53,54,54,54,54,54,54,54,54,54,55,54,55,55,54,54,54,54,54,54,54,54,55,55,54,53,54,54,54,54,53,54,53,53,53,54,52,52,53,54,54,54,54,54,54,53,53,53,54,55,53,53,53,54,53,53,53,53,52,53,53,54,53,55,54,54,54,53,54,54,54,54,54,54,54,54,55,53
Chat_SPI,120,120,120,120,120,120,120,120,120
Memory,71,71,71,71,71,71,71,71,71,71,71,71,71,71,71,71,71,71,71,71,71,71
Conference_SPI,120,120,120,120,120,120,118,118,117,119,120,120,120,120,120,120,120,120,120,120,120,120,120
Memory,61,61,61,61,61,62,61,61,61,61,61,61,61,61,61,61,61,61,61,61,61,61,61,61,61,61,61,61,61,61,61,61,61,61,61,61,61,62,61,61,61,61,61,61,61,61,61,61,61,61,61,61,61,61,61,61,62,61,61,61,61,61,61,61,61,61,61,61,61,61,61,61,61,61,61,61,61,61,61,61,61,61,61,61,61,61,61,61,61,61,61,61,61,61,61,61,61,62,61,61,61,61,61,61,61,61,61,61,61,62,61,61,61,61,61,61,61,61,61,61,61,61,61,61,61,61,61,61,61,61
Sponza_SPI,120,120,120,120,120,120,120,120,120,120,120,120,120,120,120,120,120,120,120,120,120,120,120,120,120,120,120,120,120,120
Memory,54,52,54,54,54,54,53,52,52,52,52,52,52,52,53,53,53,52,53,54,52,52,53,54,53,52,53,54,54,52,52,52,52,52,52,52,52,52,52,52,52,52,52,52,52,52,52,53,53,54,53,52,53,53,53,52,53,52,52,52,52,52,52,52,52,52,52,53,54,52,53,54,53,52,52,53,53,52,52,52,52,53,53,53,52,53,54,54,54,54,53,53,54,54,54,52,53,53,52,52,52,54,53
LostEmpire_SPI,120,120,120,120,120,120,120,120,120,120,120,120,120,120,120,120,120,120,120,120,120,120,120,120,120,120,120,120,120,120,120,120,120,120,120,120,120,120,120,120,120,120,120,120,120,120,120,120,120,120,120,120,120,120,120,120,120,120,120,120,120,120,120,120,120,120,120,120,120,120,120,120,120,120,120,120,120,120,120,120,120
Memory,51,51,51,51,51,51,51,51,51,51,51,51,51,51,51,51,51,51,51,51,51,51,51,51,51,51,51,51,51,51,51,51,51,51,51,51,51,51,51,51,51,51,51,51,51,51,51,51,51,51,51,51,51,51,51,51,51,51,51,51,51,51,51,51,51,51,51,51,51,52,51,51,51,51,51,51,51,51,51,51,51,51,51,51,51,51,51,51,51,51,51,51,51,51,51,51,51,51,51,51,51,51,51,51,51,51,51,51,51,51,51,51,51,51,51,51,51,51,51,51,51,51,51,51,51,51,51,51,51,51,51,51,51,51,51,51,51,51,51,51,51,51,51,51,51,51,51,51,51,51,51,51,51,51,51,51,51,51,51,51,51,51,51,51,51,51
Prototype_SPI,116,120,120,120,120,117,120,120,120,120,119,120,120,104,81,101,120,101,82,103,119,120,120,120,111,80,94,85,119,119,120,120,120,120,120
Memory,59,58,57,58,58,58,58,59,58,59,58,58,58,57,57,59,57,58,58,58,61,61,61,60,61,60,60,60,61,60,60,60,60,60,60,61,60,60,61,61,60,59,59,59,59,59,59,59,59,60,60,61,60,59,59,59,61,61,61,60,59,60,60,59,60,61,61,60,59,59,59,59,59,59,59,60,59,60,60,60,60,60,60,60,61,61,61,60,60,60,60,61,60,60,61,60,61,59,60,60,59,61,61,61,60,60,60,60,61,61,59,61,61,61,61,60,60,60,59,61,60,60,60,60,60,60,60,59,59,60,60,60,60,59,61,60,61,60,61,60,60,61,61,60,59,61,59,60,61,61,61,61,59,60,59,60,61,60,60,60,61,61,61,60,61
SciFiCity_SPI,73,119,119,120,108,120,120,120,120,120,120,80,72,86,120,104,56,65,71,59,57,59,108,98,73,117,120,120,120,120,95,110,120,120,94,113,120,101,120,107,89,120,91,99,120,120,105,116,119,120,80,64,57,68,81,119,83,58,57,74,119,67,84,120,118,81,120,120
Memory,65,65,65,65,65,66,65,64,64,65,65,65,65,66,66,65,64,65,65,65,66,65,65,65,64,66,65,66,64,66,64,65,64,65,65,65,65,65,65,66,65,65,66,64,64,67,67,67,66,66,66,66,67,66,67,67,67,65,65,65,64,64,64,64,64,64,64,64,66,65,67,65,66,66,64,65,64,66,66,66,64,66,65,65,66,65,64,65,65,65,65,65,65,65,64,65,66,65,65,66,66,65,65,65,65,65,64,66,66,65,65,65,65,65,64,65,65,64,64,64,66,66,65,65,65,64,65,65,66,66,65,67,67,67,65,65,66,65,65,65,66,65,66,67,67,67,65,66,66,65,65,67,67,65,64,65,65,64,66,66,65,66,65,65,65
UnityChan_SPI,117,120,120,120
Memory,64,64,64,64,64,64,64,64,64,64,64,64,64,64,64,66,64,64,65,64,64,64,64,64,64,64,64,64,64,66,64,64,64,64,64,64,64,64,64,64,64,64,64,64,64,64,64,64,64,64,64,64,64,64,64,64,64,64,64,66,64,64,65,64,66,65,64,64,64,64,64,64,64,64,64,64,64,64,64,64,64
