Model: Oculus Quest 
Bistro_YORO,35,36,38,38,41,43,49,63,68,66,67,70,70,76,80,80,80,80,80,79,76,75,74,79,80,80,63,46,45,46,46,44,44,44,44,44,47,50,53,58,62,66,72,79,62,44,42,48,56,60,65,68,73,77,80,67,47,48,48,45,44,44,45,45
Memory,79,78,78,78,77,78,78,77,77,77,78,78,77,78,77,77,76,76,76,77,76,78,76,76,76,76,76,76,76,76,76,76,76,76,76,76,76,76,76,76,76,76,76,76,76,76,76,76,76,76,76,76,76,78,78,76,78,78,78,78,78,78,78,78,77,77,77,77,77,77,79,79,79,77,79,78,77,77,78,76,77,78,76,76,76,76,76,76,78,77,78,78,78,78,78,78,77,78,79,78,77,77,77,78,77,76,76,76,76,76,76,78,78,78,78,78,78,78,78,78,78,78,79,78,77,78,77,78
Chat_YORO,80,80,80,80,80,78,79,80,80,80,80
Memory,94,94,94,94,94,94,94,94,94,94,94,94,94,94,94,94,94,94,94,94,94,94
Conference_YORO,80,81,84,84,81,83,87,86,90,89,84,82,84,88,89,91,89,89,82,80,80,80,80,80,80,81,81,81,82,83,84,84,80,80,80,80,80,80,80,80,80,80,80,81,82,80,80,80,80,80,80,80,80,80,80,81,89,86,80,80,84,87,88,83,80
Memory,85,85,85,85,85,85,85,85,85,85,85,85,85,85,85,85,85,85,85,85,85,85,85,85,85,85,85,85,85,85,85,85,85,85,85,85,85,85,85,85,85,85,85,85,85,85,85,85,85,85,85,85,85,85,85,85,85,85,85,85,85,85,85,85,85,85,85,85,85,85,85,85,85,85,85,85,85,85,85,85,85,85,85,85,85,85,85,85,85,85,85,85,85,85,85,85,85,85,85,85,85,85,85,85,85,85,85,85,85,85,85,85,85,85,85,85,85,85,85,85,85,85,85,85,85,85,85,85,85,85
Sponza_YORO,73,79,80,80,84,90,90,84,80,80,80,80,80,80,78,90,86,80,80,80,86,90,88,89,82,80,81,80,80,89,90,81,82,83,80,80,80,80,86,90,88,80,80,79,77,80,80,80,82,90,82
Memory,78,77,78,78,77,76,76,76,76,76,76,76,76,76,76,76,76,76,76,76,76,76,76,76,76,76,76,77,77,76,76,76,76,76,76,76,76,76,76,76,76,76,76,76,76,76,76,76,76,78,78,78,77,77,76,77,76,76,76,76,76,76,76,76,76,76,76,77,77,77,77,77,77,76,76,76,76,76,76,76,76,76,76,76,77,78,76,77,78,77,76,78,78,76,76,76,76,76,76,76,76,76,77
LostEmpire_YORO,80,80,80,82,80,79,80,78,80,80,80,80,80,80,80,80,81,80,80,80,79,80,78,76,76,76,80,76,77,76,76,77,77,77,78,76,77,76,80,80,76,77,76,77,80,79,80,79,80,78,75,78,76,78,79,80,80,80,80,79,80,80,80,80,80,80,79,76,76,78,79,80,76,78,79,76,76,80,80,80,80,80
Memory,75,75,75,75,75,75,75,75,75,75,75,75,75,75,75,75,75,75,75,75,75,75,75,75,75,75,75,75,75,75,75,75,75,75,75,75,75,75,75,75,75,75,75,75,75,75,75,75,75,75,75,75,75,75,75,75,75,75,75,75,75,75,75,75,75,75,75,75,75,75,75,75,75,75,75,75,75,75,75,75,75,75,75,75,75,75,75,75,75,75,75,75,75,75,75,75,75,75,75,75,75,75,75,75,75,75,75,75,75,75,75,75,75,75,75,75,75,75,75,75,75,75,75,75,75,75,75,75,75,75,75,75,75,75,75,75,75,75,75,75,75,75,75,75,75,75,75,75,75,75,75,75,75,75,75,75,75,75,75,75,75,75,75,75,75
Prototype_YORO,71,76,80,77,79,80,80,80,80,73,72,72,72,72,78,80,80,80,80,81,80,85,85,82,83,76,80,80,80,80,81,86,83,80,80,85,89,83,72,72,72,70,69,70,80,80,80,80,80,80,76,70,67,69,71,72,74,80,80,80,80,78,80,80,80,76,71,71,69,71,70,72,80,80,76,72,75,80,80,80,78,72
Memory,82,83,81,83,81,83,81,81,81,81,81,81,81,81,81,81,82,83,83,82,82,83,83,83,83,83,83,82,81,82,81,81,81,81,81,81,81,83,81,81,81,81,81,81,81,81,81,81,81,81,82,82,82,81,82,81,81,81,81,81,81,81,81,81,81,81,81,81,81,81,81,81,81,81,81,82,83,83,83,83,83,81,83,83,82,84,83,81,81,81,81,81,82,81,81,81,81,81,81,81,81,82,83,81,83,83,82,83,81,81,81,81,82,81,81,81,81,81,81,81,81,81,81,81,81,81,81,81,81,81,82,82,82,83,83,83,83,83,81,82,83,82,81,81,82,81,81,81,81,82,82,81,82,81,81,81,81,81,81,81,81,82,82,82,81
SciFiCity_YORO,52,65,63,75,80,62,66,72,75,80,76,80,80,71,75,80,77,52,48,55,70,78,67,43,47,48,44,43,44,69,81,83,80,80,62,51,71,63,65,73,80,60,62,70,65,60,60,68,62,79,66,60,65,77,53,60,68,76,80,76,59,60,70,70,49,44,44,52,55,71,55,44,42,48,63,50,50,79,68,53,70,67
Memory,88,87,87,87,87,88,87,86,86,86,87,87,88,87,86,88,86,86,86,86,87,86,86,86,86,86,88,88,87,87,86,86,86,87,88,87,86,86,88,88,86,86,88,86,86,90,90,89,90,89,89,90,90,90,90,89,90,89,88,88,88,88,88,88,88,88,88,88,90,89,89,89,89,89,89,89,89,90,89,88,88,90,89,89,90,90,89,90,90,88,89,89,89,89,88,88,89,88,88,90,90,89,89,89,89,89,88,90,90,89,89,89,90,89,89,88,88,88,88,90,89,89,89,89,89,88,88,89,89,88,89,89,89,88,89,89,89,89,89,89,89,89,90,89,90,88,88,89,89,89,90,90,89,88,88,90,88,88,89,90,88,89,89,88
UnityChan_YORO,78,80,80,80,80,80,80,80,80,80,80,80,80,80,80,80,80,80,80,80,80,80,80,80,80,80,80,80,80,80,80,80,80,80,80,81,80,78,79,80
Memory,88,88,88,88,88,88,88,88,88,88,88,88,88,88,88,88,88,88,88,88,88,88,88,88,88,88,88,88,88,88,88,88,88,88,88,88,88,88,88,88,88,88,88,88,88,88,88,88,88,88,88,88,88,88,88,88,88,88,88,88,88,88,88,88,88,88,88,88,88,88,88,88,88,88,88,88,88,88,88,88,88
Bistro_Fink,25,26,28,28,29,30,32,35,36,36,39,40,41,45,46,48,47,46,42,40,40,39,40,45,45,46,35,28,29,29,26,27,27,26,26,26,26,29,31,32,32,35,40,39,26,26,26,30,30,32,35,37,41,43,39,29,28,28,26,24,26,24,26
Memory,77,78,78,78,77,78,77,77,77,78,78,77,78,78,78,76,78,76,76,76,76,76,76,76,76,76,76,76,76,76,76,76,76,76,76,76,78,76,76,76,76,76,76,76,76,76,76,76,76,76,76,78,77,78,77,78,78,77,78,78,77,78,77,77,77,77,78,78,79,78,78,78,77,78,78,77,77,77,77,76,78,76,76,76,76,76,76,77,77,77,77,78,79,78,78,76,78,77,77,78,76,77,76,76,76,76,76,76,76,78,77,76,78,77,78,77,77,78,77,77,78,77,78,78,78,77
Chat_Fink,45,45,45,46,46,44,45,46,46,46
Memory,96,94,94,94,94,94,94,94,94,94,94,94,94,94,94,94,94,94,94,94,94
Conference_Fink,50,51,54,53,52,52,54,54,56,55,52,51,51,53,54,54,54,54,52,52,50,48,50,51,51,52,53,54,53,54,54,53,50,48,48,50,49,50,49,48,48,49,50,52,52,52,52,50,50,49,50,50,48,49,50,57,58,52,54,54,54,54,52,50
Memory,85,85,85,85,85,85,85,85,85,85,85,85,85,85,85,85,85,85,85,85,85,85,85,85,85,85,85,85,85,85,85,85,85,85,85,85,86,85,85,85,85,85,85,85,85,85,85,85,85,85,85,85,85,85,85,85,85,85,85,85,85,85,85,85,85,85,85,85,85,85,85,85,85,85,85,85,85,85,85,85,86,85,85,85,85,85,85,85,85,85,85,85,86,85,85,85,85,85,85,85,85,85,85,85,85,85,85,85,85,85,85,85,85,85,85,85,85,85,85,85,85,85,85,85,85,85,85,85,85
Sponza_Fink,39,40,41,42,47,48,48,45,44,44,43,43,44,44,42,46,45,42,44,46,48,48,48,48,45,42,43,44,46,51,49,47,46,42,42,43,44,47,50,50,46,43,42,42,42,42,42,45,49,47,40
Memory,76,78,77,78,76,77,76,76,77,76,76,76,76,76,76,76,76,76,76,76,77,77,77,76,76,77,77,78,76,76,76,76,76,76,76,76,77,76,76,76,76,76,76,76,76,76,76,76,76,77,78,76,77,77,77,77,77,76,76,76,76,76,76,76,76,76,77,76,77,77,77,76,77,76,76,76,76,76,76,76,76,78,76,77,76,76,77,76,76,76,78,76,76,77,76,76,76,77,76,77,77,76
LostEmpire_Fink,43,42,43,48,44,43,45,42,42,43,44,44,44,46,46,45,44,42,46,43,49,57,48,43,42,40,44,42,41,39,44,42,41,43,42,42,43,42,41,40,40,41,41,41,41,41,42,41,41,41,41,41,42,41,41,42,41,41,41,41,41,42,41,40,41,41,40,41,42,42,42,41,42,42,42,42,41,40,40,40,42
Memory,75,75,75,75,75,75,75,75,75,75,75,75,75,75,75,75,75,75,75,75,75,75,75,75,75,75,75,75,75,75,75,75,75,75,75,75,75,75,75,75,75,75,75,75,75,75,75,75,75,75,75,75,75,75,75,75,75,75,75,75,75,75,75,75,75,75,75,75,75,75,75,75,75,75,75,75,75,75,75,75,75,75,75,75,75,75,75,75,75,75,75,75,75,75,75,75,75,75,75,75,75,75,75,75,75,75,75,75,75,75,75,75,75,75,75,75,75,75,75,75,75,75,75,75,76,76,75,75,75,75,75,75,75,75,75,75,75,75,75,75,75,76,75,75,76,76,75,75,75,75,75,75,75,75,75,75,75,75,75,75,75,75,75
Prototype_Fink,48,49,48,48,48,49,51,52,49,46,46,45,43,42,44,46,49,51,50,51,54,55,54,52,53,49,50,50,52,53,55,58,57,54,57,59,58,54,48,45,46,43,42,44,48,47,48,50,50,49,45,42,44,44,44,44,47,49,50,49,48,48,51,52,52,43,45,44,44,43,43,45,49,50,43,45,49,49,48,48,47
Memory,82,81,82,81,81,81,81,81,81,81,81,81,81,81,81,81,81,81,81,83,83,83,81,83,82,82,83,83,83,81,81,81,81,81,81,81,81,81,81,81,81,81,81,81,81,81,81,81,81,81,81,81,81,81,81,81,81,81,81,81,81,81,81,81,81,81,81,81,81,81,81,81,81,81,81,82,82,81,81,83,83,82,81,82,82,83,81,81,81,81,81,81,81,81,81,81,81,81,81,81,81,82,83,83,81,82,81,81,82,81,83,81,83,81,81,81,81,81,81,81,81,81,81,81,81,81,81,81,81,82,83,83,82,82,83,82,82,83,83,81,83,81,81,81,81,81,81,82,81,83,83,82,81,81,81,81,81,82,81,81,81,81,81
SciFiCity_Fink,39,44,43,48,55,41,44,48,48,54,51,52,52,47,50,50,50,39,38,40,46,51,44,34,36,35,34,33,36,51,57,57,56,55,41,41,49,44,44,50,51,41,44,47,44,42,43,48,45,47,40,39,47,44,40,44,47,50,49,43,40,41,51,40,35,33,36,38,45,45,35,33,35,42,43,33,52,45,42,45,45
Memory,86,86,86,87,86,87,87,86,86,86,87,88,86,86,86,87,87,86,86,86,86,86,86,86,86,86,88,86,86,86,86,86,86,87,87,87,87,87,87,86,86,86,86,86,86,89,89,89,88,88,88,89,89,89,89,89,89,90,88,88,88,88,88,88,88,88,88,88,90,89,88,88,89,88,89,89,90,89,88,88,89,89,89,89,89,88,90,90,89,89,89,89,89,88,88,89,88,88,88,88,89,89,88,88,88,88,88,89,88,89,89,88,88,88,88,88,88,88,89,89,89,89,88,88,88,89,89,89,89,89,89,89,89,88,89,89,90,88,89,89,89,89,89,89,89,88,88,88,90,89,89,89,88,88,88,88,89,89,88,88,89,88
UnityChan_Fink,50,50,50,52,52,51,50,50,50,50,49,50,50,50,50,50,51,52,51,50,50,52,52,52,52,52,49,49,49,48,50,50,47,50,53,52,48,47,48,50
Memory,88,88,88,88,90,88,90,88,88,90,88,88,88,88,88,88,88,88,88,88,88,88,90,89,88,90,89,88,89,88,89,88,88,89,88,88,88,88,88,88,88,88,88,88,88,88,88,88,90,88,88,88,90,90,89,88,89,89,89,88,88,90,88,88,89,90,88,88,89,88,88,89,89,88,90,88,90,88,88,88
Bistro_Conventional,28,30,30,31,33,36,38,41,42,41,41,44,46,50,54,56,56,55,53,50,48,48,49,53,54,54,37,27,26,28,27,27,28,28,27,28,30,32,35,38,40,43,47,52,29,26,27,34,36,39,43,45,49,50,50,30,28,28,28,26,28,28,28
Memory,77,77,77,77,77,78,77,77,78,78,77,77,77,77,77,78,78,78,77,77,78,77,78,77,78,78,76,77,78,77,77,77,76,78,78,77,78,77,77,77,77,77,77,77,78,77,77,77,78,77,77,78,78,78,77,78,77,77,77,77,77,77,78,77,78,77,77,78,78,77,77,77,77,78,78,78,78,78,78,77,78,77,78,77,78,76,77,78,77,78,78,78,77,77,77,77,77,77,78,76,77,78,77,77,77,78,78,78,78,77,78,77,78,77,77,78,78,78,77,78,78,78,78,78,78,78,78
Chat_Conventional,52,51,51,53,52,50,52,51,52,52
Memory,95,95,96,96,96,96,95,95,95,95,95,96,95,95,96,95,96,96,96,96,95
Conference_Conventional,56,58,60,60,60,60,61,60,60,60,60,58,58,60,60,61,63,61,56,55,55,55,58,60,59,59,58,59,60,60,60,60,57,54,54,54,54,54,53,53,53,54,54,58,59,58,59,57,56,57,58,58,54,53,54,57,62,58,56,56,60,60,60,57
Memory,85,86,86,86,86,86,86,86,86,86,87,87,85,86,86,86,86,85,85,85,85,85,85,86,85,86,87,86,87,86,87,86,86,86,86,85,86,85,85,86,87,85,85,86,85,85,85,85,85,86,86,86,86,85,86,85,85,85,86,86,86,86,86,86,86,85,86,85,86,85,86,85,86,85,86,87,85,85,85,85,85,85,86,86,87,85,86,86,85,87,86,86,86,85,85,86,85,87,86,86,86,85,85,85,86,85,85,86,85,86,87,86,85,85,87,86,85,86,86,85,85,85,85,85,85,85,87,86,87
Sponza_Conventional,50,52,54,56,59,62,62,61,58,58,58,58,59,59,54,60,59,57,58,60,61,61,62,62,58,53,54,56,59,61,61,58,60,58,54,55,57,59,61,62,61,57,53,52,52,52,55,57,60,62,54
Memory,77,76,77,76,77,77,77,76,76,77,76,77,77,78,77,76,77,76,76,76,76,77,76,77,77,76,77,76,77,76,76,77,76,76,76,76,77,77,76,77,77,78,76,76,77,76,76,76,76,77,78,77,76,77,77,77,76,76,77,77,77,77,76,76,77,76,77,76,76,78,76,77,76,77,78,76,77,76,76,76,78,76,77,76,77,77,76,77,76,77,77,77,77,76,78,76,77,78,76,76,77,76
LostEmpire_Conventional,52,52,53,56,52,53,55,50,51,53,54,54,52,55,55,54,54,54,56,53,50,53,49,50,49,50,50,48,49,48,49,50,51,50,49,48,49,49,54,52,48,50,50,51,52,51,52,52,52,49,50,51,50,50,51,53,54,53,51,54,52,53,52,52,53,53,49,51,50,51,52,50,48,51,48,49,52,54,52,52,52
Memory,75,77,76,76,77,75,75,76,76,76,76,76,76,75,76,76,77,76,76,76,75,76,77,75,75,75,75,76,76,76,77,75,75,76,76,77,75,76,76,76,75,77,75,77,77,77,75,76,76,75,76,76,77,76,75,76,76,75,76,75,75,76,76,75,75,76,76,75,77,76,77,76,76,76,75,75,76,76,76,76,76,76,77,75,76,76,75,76,76,76,77,75,76,75,76,75,75,76,76,76,77,75,76,75,75,75,77,76,76,76,75,76,76,77,75,76,77,75,76,77,77,76,76,75,76,76,76,76,76,77,75,77,75,75,76,76,76,76,75,75,75,77,76,76,76,76,76,76,76,76,75,77,76,77,75,76,76,76,75,76,75,76,75
Prototype_Conventional,49,51,52,52,52,54,56,58,53,50,48,46,46,49,53,55,56,56,53,54,57,60,59,58,57,52,53,55,59,60,61,62,61,58,60,62,62,58,47,47,49,45,46,47,53,52,53,54,53,53,48,45,44,45,46,50,51,54,57,55,51,51,55,56,57,47,47,45,47,45,47,51,56,55,48,51,53,54,53,53,49,48
Memory,82,82,82,82,81,83,82,83,83,82,82,83,82,82,83,82,82,82,83,82,82,82,83,81,82,82,82,81,82,82,83,82,82,83,82,82,81,83,81,83,83,83,82,82,81,83,82,83,82,83,83,82,82,82,81,82,81,83,82,83,82,81,82,81,82,82,82,83,81,82,83,82,81,82,82,83,82,82,81,81,81,82,83,83,82,82,83,82,83,82,82,83,83,81,83,83,83,83,83,83,83,82,82,82,82,82,83,83,83,81,82,82,82,83,82,82,81,82,82,82,82,82,82,82,83,83,83,81,83,82,83,83,83,82,82,83,82,83,82,82,83,82,83,81,83,82,82,83,82,82,83,83,82,83,81,82,83,83,81,81,82,83,82,81
SciFiCity_Conventional,32,41,41,50,59,40,43,47,51,55,51,55,57,45,50,54,51,31,31,38,46,54,38,24,28,26,24,24,27,50,59,60,59,58,31,37,46,40,45,52,49,38,41,46,40,38,41,44,44,48,37,37,49,40,36,41,48,53,56,40,40,39,52,32,27,24,28,31,42,38,26,24,27,37,33,26,54,45,32,42,41
Memory,91,89,88,88,88,89,88,89,88,89,89,90,89,88,88,89,89,89,89,88,88,89,88,90,89,88,88,89,89,90,89,89,89,89,89,89,89,89,89,89,89,89,89,89,90,91,91,91,91,91,91,91,91,91,91,91,90,91,90,90,90,91,91,91,91,91,90,92,91,91,91,91,92,91,91,91,91,90,90,92,91,91,90,91,91,90,91,91,91,90,91,92,90,91,90,91,90,91,91,92,90,90,90,90,90,91,90,91,92,91,91,90,90,92,90,92,91,91,91,91,90,92,92,92,90,90,90,91,92,91,91,91,90,92,90,91,91,91,91,90,91,91,91,91,91,90,92,90,91,91,91,91,90,91,91,91,91,91,92,91,91,91
UnityChan_Conventional,52,53,54,53,55,55,54,54,52,53,54,54,54,53,54,54,54,55,54,54,55,57,56,56,56,56,54,54,52,52,53,53,53,54,57,55,51,50,51,53
Memory,90,91,92,92,92,90,92,91,90,90,90,91,91,92,91,90,91,92,91,92,90,91,92,90,91,92,92,90,91,92,92,92,91,90,90,91,91,90,91,92,91,91,91,91,91,90,90,91,90,91,90,91,91,91,92,91,91,91,91,91,91,91,92,90,92,91,92,92,91,91,92,91,91,91,92,91,91,91,90,91