Model: samsung SM-G973U 
Bistro_YORO,18,20,20,21,23,33,40,41,44,45,44,54,51,59,58,59,56,59,57,58,59,60,58,57,60,59,52,25,19,24,21,19,17,18,18,19,20,26,37,38,41,43,49,56,33,20,19,25,26,33,34,33,47,53,50,38,19,19,19,20,22,22,20,20
Memory,78,78,78,79,77,77,78,77,78,78,77,78,78,76,77,78,77,76,77,77,76,78,78,77,78,77,76,78,76,77,76,76,77,78,78,76,76,78,76,77,76,76,76,76,78,76,76,76,76,78,77,76,78,77,77,78,78,78,78,76,78,78,78,78,78,78,78,77,78,77,77,78,78,77,78,78,78,78,77,77,77,78,77,77,77,77,78,76,77,77,77,78,78,77,78,78,78,77,77,78,76,78,77,76,78,77,76,77,78,77,78,78,77,78,79,78,78,78,78,77,77,76,79,78,78,77,78,78
Chat_YORO,55,53,58,60,57,57,60,56,57,59,58
Memory,96,95,96,96,96,95,95,96,95,96,95,95,95,95,95,96,95,95,95,95,95,95
Conference_YORO,57,53,54,55,56,55,58,58,57,60,58,57,56,58,56,59,57,57,54,57,54,55,56,54,53,58,58,55,56,57,59,58,58,56,54,51,58,55,56,51,57,53,53,51,52,59,51,50,59,54,54,49,55,51,55,57,59,59,60,59,60,58,60,57,58
Memory,85,86,85,85,87,85,86,86,85,86,87,86,85,87,86,85,86,85,86,86,86,85,85,86,85,85,85,85,85,85,85,85,86,85,85,85,87,86,85,86,87,86,87,86,85,85,87,86,86,85,85,85,85,87,86,85,85,86,85,86,85,85,87,85,85,85,85,85,86,87,86,85,87,85,86,85,85,87,86,86,85,87,86,87,85,85,86,86,86,85,85,85,85,86,86,85,85,85,85,86,85,87,86,86,87,86,86,86,87,85,86,86,85,85,85,87,85,85,86,85,85,85,85,86,85,86,85,85,85,86
Sponza_YORO,38,35,38,51,58,58,59,53,52,50,54,51,57,52,46,56,57,58,54,60,56,59,56,55,54,45,37,38,49,58,60,57,58,58,50,43,44,51,57,58,56,59,51,43,34,43,51,51,59,58,58
Memory,77,77,78,76,77,76,77,76,76,76,76,76,76,77,76,77,76,77,77,76,77,76,76,77,76,76,77,76,77,77,77,76,77,77,76,76,76,77,77,76,76,76,77,77,77,76,78,76,76,77,77,77,78,77,77,77,76,76,77,76,76,77,76,76,76,76,76,76,78,76,77,77,77,76,77,78,76,76,77,77,76,77,76,77,77,76,77,76,78,76,76,77,77,76,76,76,76,76,77,76,76,76,76
LostEmpire_YORO,48,55,54,56,59,56,55,54,55,53,57,57,57,58,57,59,56,56,57,57,58,59,53,53,52,58,53,57,51,58,58,59,57,51,51,51,51,54,49,50,50,51,50,50,53,51,50,48,51,52,55,54,47,54,55,60,58,58,48,52,57,51,50,52,53,50,54,51,51,54,51,55,50,59,59,59,59,52,49,55,53,49
Memory,75,75,76,76,77,75,77,75,75,75,75,75,75,76,76,75,76,75,75,76,76,77,76,75,77,75,76,75,75,75,75,75,76,76,75,75,76,76,76,76,76,76,75,77,76,76,75,76,77,75,75,76,77,75,76,75,77,76,76,77,75,75,77,75,75,77,77,76,76,76,75,75,75,77,75,76,75,75,75,75,75,76,76,76,76,75,76,75,77,76,75,76,76,76,75,76,76,76,76,77,75,76,77,75,76,76,76,76,75,75,75,77,76,75,76,75,75,76,75,76,76,76,77,75,77,76,75,76,75,75,76,76,76,75,77,76,76,76,76,77,75,76,77,75,75,75,75,75,75,75,75,75,75,75,77,76,76,76,75,76,76,76,76,76,76
Prototype_YORO,48,53,50,55,55,58,60,59,60,51,48,46,47,45,53,54,59,59,57,57,59,59,60,59,59,51,57,60,57,57,58,60,60,60,58,60,59,60,60,60,59,50,47,46,51,53,58,60,59,60,57,57,39,45,43,47,56,53,58,60,55,59,60,55,58,60,50,51,42,44,43,54,56,58,60,54,37,57,53,52,58,56
Memory,83,82,82,81,82,81,82,81,81,81,83,81,81,81,81,81,81,81,82,82,81,83,83,81,83,82,82,82,82,81,83,81,81,82,81,82,83,81,81,81,81,82,81,81,81,81,83,82,81,81,82,82,81,81,81,81,82,81,81,81,81,81,81,81,81,81,81,81,81,83,81,81,81,81,81,82,81,81,81,81,81,82,81,83,81,83,82,82,83,82,82,81,81,82,81,81,81,81,81,81,82,81,81,82,81,82,82,82,83,81,81,83,81,82,82,81,83,81,81,81,81,83,81,81,81,81,83,81,82,82,82,82,82,82,82,83,82,82,81,82,82,83,83,81,81,82,82,81,81,81,81,82,82,83,81,81,83,82,82,81,81,83,81,83,83
SciFiCity_YORO,23,29,36,48,58,41,40,47,46,52,51,55,60,49,51,55,55,33,25,28,39,48,46,19,29,27,25,24,26,53,60,60,60,60,37,28,50,35,34,43,52,34,40,45,42,30,35,43,41,51,36,27,34,46,26,31,41,54,58,45,40,36,44,40,25,26,32,41,49,49,39,22,28,37,46,22,41,51,46,34,48
Memory,88,87,87,86,87,87,86,87,86,86,87,86,86,87,87,87,87,87,87,87,87,87,86,86,86,86,88,86,87,88,87,86,86,87,88,87,88,88,88,86,86,87,87,88,86,87,90,90,88,90,89,89,89,89,90,90,89,88,88,88,88,88,89,88,88,88,88,88,90,89,90,89,88,88,89,88,89,89,90,88,89,89,89,90,89,89,90,88,88,88,89,89,90,89,89,88,89,88,89,90,89,90,89,89,89,89,88,90,89,88,88,90,88,89,89,88,88,89,89,89,88,88,88,88,89,88,88,89,89,89,89,89,88,88,88,89,89,88,90,88,88,89,89,89,89,89,88,90,89,89,89,90,88,90,88,89,88,90,89,90,89,88,89
UnityChan_YORO,51,49,50,51,54,59,53,54,52,54,53,50,49,51,51,52,56,52,56,56,56,57,56,57,52,53,56,53,50,59,44,49,50,50,53,58,47,50,48,48
Memory,90,89,89,88,88,89,89,89,90,88,88,88,89,88,89,90,89,88,88,89,90,89,89,89,88,89,89,90,90,89,90,88,90,90,90,90,88,88,88,89,88,88,89,89,89,89,88,89,90,90,89,88,88,89,89,89,89,89,88,89,89,89,89,89,88,89,89,89,90,88,88,89,89,90,89,88,89,89,90,90,90
Bistro_Fink,13,14,14,15,16,17,17,17,16,17,17,17,18,19,22,22,22,22,20,19,18,18,18,18,20,19,16,15,14,14,13,15,15,12,14,17,16,18,16,17,18,18,18,14,13,13,14,15,15,16,18,16,18,17,16,14,15,13,14,14,12,13
Memory,85,85,85,85,84,84,85,85,83,84,83,85,83,83,83,85,83,84,83,83,84,84,84,83,83,83,84,83,83,83,84,83,85,83,83,84,83,83,83,84,83,84,83,83,83,85,85,83,85,83,83,83,85,85,84,84,85,85,85,84,84,84,86,84,86,86,84,85,84,84,86,85,83,85,84,83,84,83,84,83,84,83,83,84,85,83,83,84,85,84,85,85,84,84,83,84,85,84,84,84,83,83,84,83,83,83,83,83,84,84,85,86,85,85,84,85,84,84,84,85,85,85,85,84
Chat_Fink,18,18,19,20,19,19,19,20,19,19
Memory,100,99,99,100,99,100,99,101,99,99,99,99,100,101,99,100,99,100,99,100,99
Conference_Fink,18,18,20,20,20,19,20,22,22,20,20,20,20,20,21,21,20,21,20,20,20,19,19,19,20,20,20,20,20,21,20,19,20,19,19,19,19,18,19,19,19,20,19,18,18,20,18,19,19,19,19,19,22,23,24,23,20,20,20,20,20,20,18
Memory,89,90,89,89,89,89,89,91,90,91,89,91,89,89,89,89,89,89,91,89,89,90,90,91,89,91,89,89,91,89,90,89,91,89,89,89,92,89,91,89,90,89,89,89,89,89,90,91,90,89,89,89,91,91,89,89,91,91,89,89,89,90,90,89,89,90,89,89,89,89,89,90,90,89,89,89,89,89,89,89,89,89,89,89,91,90,90,89,91,89,89,89,89,89,89,89,89,90,89,89,91,89,91,89,89,90,89,89,91,89,90,91,89,89,91,89,91,89,89,89,90,89,89,89,89,89
Sponza_Fink,16,16,17,18,18,18,18,18,18,18,17,18,18,16,18,18,18,19,19,20,20,20,19,19,18,17,18,19,20,20,20,20,18,18,18,18,19,20,20,19,18,18,17,18,18,18,18,20,19
Memory,80,80,82,82,81,82,80,80,82,80,81,81,80,80,82,80,81,80,82,81,82,80,80,81,81,80,81,81,81,81,82,80,82,81,82,80,81,80,80,81,82,80,80,80,80,80,81,80,81,81,81,81,82,81,80,80,82,82,80,81,82,81,80,82,82,80,81,82,82,80,81,81,80,80,81,81,81,82,80,81,81,80,80,82,81,82,81,82,81,82,81,80,81,80,81,80,81,80,81
LostEmpire_Fink,18,18,18,20,21,20,20,19,18,18,20,19,18,18,19,19,18,18,16,17,19,20,17,17,17,17,17,17,16,17,18,17,17,16,16,17,17,17,16,16,16,16,16,16,16,17,16,16,17,16,20,17,17,20,18,18,17,18,18,19,20,20,20,18,18,18,17,16,16,16,17,16,17,16,16,17,16,16,16,16
Memory,80,81,79,79,79,80,81,79,81,79,79,81,82,81,80,80,79,79,79,79,82,79,79,81,81,81,80,79,80,80,79,79,79,79,79,79,79,81,79,80,79,80,79,79,80,81,79,80,80,81,79,79,79,81,80,81,82,81,79,79,79,79,81,80,81,81,81,80,81,79,81,79,79,80,81,81,80,81,80,79,79,80,81,80,79,80,81,82,79,81,81,80,79,81,82,79,79,79,81,80,80,79,80,79,81,82,79,81,81,79,79,79,79,81,79,79,79,79,79,80,81,80,82,81,80,79,79,81,81,79,79,79,79,79,80,81,82,80,81,80,79,79,79,79,80,80,79,80,79,80,80,79,80,80,81,79,81,79,79,81
Prototype_Fink,17,17,16,17,17,18,18,18,18,16,17,16,16,17,17,18,18,17,18,18,18,18,18,19,18,22,20,20,20,21,22,23,21,22,22,22,21,19,19,19,18,18,19,20,20,20,20,20,20,18,19,19,18,18,19,20,20,20,20,20,20,20,21,18,19,18,18,18,18,19,20,20,18,19,20,20,20,20,19
Memory,84,84,86,86,85,84,84,84,84,85,84,85,86,84,84,84,84,84,86,84,84,84,84,84,84,85,85,84,84,84,86,84,84,85,86,84,85,84,85,85,84,84,84,84,84,84,84,85,85,84,84,84,85,84,84,85,85,84,84,84,84,84,84,84,86,84,85,85,84,84,84,84,84,85,84,84,84,84,84,84,85,85,85,84,84,84,84,84,86,84,84,84,84,84,85,84,85,85,84,84,84,84,84,85,85,84,85,85,86,84,84,85,85,84,85,84,84,84,84,85,86,84,84,84,84,84,84,84,85,85,84,84,84,84,85,86,84,84,85,84,84,84,86,84,84,85,86,84,84,84,86,84,84,85,86,84,84,84,86
SciFiCity_Fink,15,16,16,17,18,16,17,17,17,18,18,18,17,18,18,18,15,14,14,16,17,17,15,16,17,15,15,15,19,21,22,21,23,18,17,19,18,17,18,17,16,17,16,16,17,17,17,18,16,16,16,18,15,18,18,20,20,19,18,17,20,19,17,17,19,18,18,18,15,15,17,20,19,16,22,19,17,20,20
Memory,90,90,89,89,89,90,89,88,88,88,89,90,89,89,88,89,88,88,88,89,88,90,88,88,90,90,88,88,89,88,88,88,90,89,90,90,89,88,89,90,88,88,90,91,89,89,90,90,89,90,89,90,88,89,89,89,88,88,88,90,88,88,89,90,88,88,89,91,91,90,90,89,89,90,90,88,88,88,90,90,89,88,89,89,88,88,88,88,89,89,88,88,88,89,89,88,88,89,90,89,88,90,88,90,91,88,88,88,89,88,89,90,88,88,88,90,90,88,88,89,90,88,89,90,89,89,90,89,89,89,88,89,90,88,88,89,88,89,89,90,88,88,88,88,88,91,89,88,88,88,88,88,89,88,88,88,88,89
UnityChan_Fink,20,20,20,20,20,21,22,22,19,20,19,18,18,18,19,19,20,20,20,19,22,20,20,19,20,20,19,18,18,19,20,20,20,24,23,18,19,20,18
Memory,89,88,89,90,90,89,89,90,90,89,90,88,90,88,90,90,90,88,89,88,88,88,88,90,88,90,90,90,88,88,89,90,90,89,88,90,88,90,89,89,90,88,88,90,89,89,88,89,89,89,90,88,88,88,89,89,90,90,88,88,88,88,89,88,88,88,90,90,91,90,89,88,88,88,88,90,89,90,90
Bistro_Conventional,13,12,12,14,14,16,16,17,19,16,18,19,20,23,27,24,22,24,22,21,20,22,23,25,26,25,18,11,13,13,16,12,12,12,13,13,15,16,16,18,17,16,17,14,11,12,14,14,15,18,16,18,20,20,14,12,12,12,12,12,12,12
Memory,85,86,85,84,85,84,85,85,85,85,85,85,85,84,85,85,85,84,85,84,84,85,84,86,85,84,84,84,84,84,84,84,85,85,85,85,85,84,84,84,85,84,84,84,84,84,85,85,84,85,84,84,85,84,85,86,84,85,85,86,85,85,85,85,87,86,86,86,85,84,85,85,84,85,84,84,84,84,84,85,84,85,85,85,85,85,85,84,85,85,85,84,84,85,85,84,83,85,84,84,85,84,84,83,83,85,84,84,85,84,86,85,84,86,86,85,86,86,86,86,86,85,85,84,85
Chat_Conventional,23,23,22,24,24,23,23,24,24,22
Memory,100,101,101,100,100,101,101,101,100,100,100,100,101,101,101,100,100,100,99,101,100
Conference_Conventional,18,18,18,18,18,18,18,19,19,18,18,18,18,19,20,19,19,18,18,18,18,18,18,18,18,18,18,18,19,18,18,24,21,21,21,23,22,22,22,22,23,26,22,23,24,24,24,24,24,24,24,23,22,26,26,25,24,25,26,26,26,25,24
Memory,90,90,91,91,90,90,91,90,90,91,91,91,90,90,90,92,91,91,90,91,91,90,90,91,90,91,91,90,90,90,90,91,91,90,92,91,90,91,91,90,92,91,91,90,92,91,91,90,90,91,91,91,90,92,91,91,90,90,91,91,90,91,90,90,91,90,91,90,91,90,90,90,92,91,90,91,90,91,91,92,92,91,90,90,91,90,91,91,91,91,91,91,91,91,91,91,91,91,91,92,90,90,90,90,91,91,90,90,91,91,90,91,90,90,90,91,91,90,91,91,91,92,90,90,90,90,90
Sponza_Conventional,14,16,16,18,18,18,18,18,18,18,17,18,18,17,18,18,18,18,18,18,18,22,22,21,17,16,18,18,19,21,20,22,20,17,17,18,19,19,20,19,18,17,16,16,16,18,19,20,18
Memory,81,82,82,81,82,81,81,82,82,82,81,80,82,81,81,82,81,82,81,83,81,82,82,82,82,82,81,82,82,82,81,81,82,82,82,81,81,80,82,81,81,80,81,82,81,81,82,82,81,81,81,82,82,82,81,81,81,81,81,80,81,81,82,81,81,82,81,82,82,82,81,80,81,82,81,81,81,81,80,81,82,82,82,82,81,81,82,81,81,82,81,82,81,82,82,81,82,82,82
LostEmpire_Conventional,17,16,17,18,18,19,20,18,19,19,20,20,20,20,20,20,20,20,20,19,20,20,18,18,18,19,20,19,18,19,18,19,18,19,18,19,20,19,19,18,18,18,19,19,18,18,18,19,18,18,18,18,18,19,20,20,19,18,20,20,20,19,19,19,18,18,18,18,20,20,18,19,19,18,18,18,19,18,18,18
Memory,80,81,80,82,80,80,81,80,81,81,80,81,81,81,80,80,80,81,81,82,80,81,81,80,80,80,80,80,80,80,81,81,81,81,81,80,80,80,80,80,80,81,81,80,80,80,81,81,80,80,80,81,80,80,80,80,81,81,80,81,80,80,80,80,80,81,80,81,81,80,79,81,81,80,80,80,81,82,80,80,80,80,81,81,81,81,81,80,81,81,81,80,82,80,80,80,80,81,81,81,81,82,80,82,81,81,80,81,81,80,80,80,80,81,81,81,81,82,80,80,81,80,80,82,81,82,80,80,80,80,80,80,80,80,81,81,81,80,80,81,81,81,81,81,80,80,80,82,81,81,81,80,80,80,80,80,80,80,81,81
Prototype_Conventional,18,17,19,20,20,20,20,22,21,19,18,15,16,15,16,16,16,19,18,18,18,20,20,20,18,17,18,18,20,20,20,20,20,20,20,20,19,19,21,22,18,16,16,20,20,20,20,22,22,19,18,16,16,16,17,18,20,22,20,20,20,21,22,21,19,18,16,17,16,17,18,18,16,16,17,18,18,18,17,16
Memory,84,85,84,85,84,84,85,85,86,86,84,85,85,84,84,86,85,85,85,84,85,85,85,85,85,85,85,85,86,86,86,85,85,84,85,84,84,86,86,85,85,84,84,85,85,85,85,85,86,85,85,85,85,86,85,84,86,86,85,84,84,85,85,85,84,85,86,84,84,84,84,84,84,85,84,85,85,86,85,85,85,85,86,86,85,85,86,84,85,85,84,85,85,85,85,84,86,85,86,85,85,85,85,85,86,84,86,85,85,86,85,85,85,84,86,85,85,85,85,84,86,85,85,85,86,85,85,84,86,85,85,85,85,86,86,86,85,86,85,85,84,85,86,85,84,85,85,84,85,85,85,86,86,84,86,86,86,85,85,84
SciFiCity_Conventional,14,16,15,19,21,14,16,18,19,21,20,21,21,18,17,18,16,13,13,19,18,21,10,17,15,14,14,14,20,24,25,23,23,14,14,16,14,15,17,16,16,17,16,14,14,15,16,22,19,14,15,20,14,15,16,17,18,18,15,14,19,15,15,15,14,16,18,18,14,14,16,17,15,16,24,17,16,20,18
Memory,90,90,90,89,90,89,89,90,90,89,89,90,90,90,90,90,90,89,88,89,90,89,90,89,91,90,88,90,89,90,89,88,89,90,91,89,91,89,89,89,89,89,88,89,91,91,90,90,90,90,90,90,90,90,90,89,90,90,90,88,88,90,89,90,90,89,91,90,89,90,90,89,88,89,91,90,88,89,89,91,90,88,90,89,89,89,89,90,89,90,90,89,89,90,90,90,89,89,90,89,90,89,89,89,89,90,90,90,91,90,88,89,89,89,88,89,90,91,89,90,89,89,89,89,90,90,90,89,89,89,89,89,89,89,90,89,90,89,90,90,89,90,90,88,89,91,91,89,90,90,89,89,89,89,88,90,90,89
UnityChan_Conventional,16,17,18,17,18,17,17,18,18,16,17,16,17,16,16,17,18,18,18,18,18,18,18,17,18,18,16,17,17,16,16,16,17,18,18,16,17,16,16
Memory,89,90,89,90,90,90,90,89,89,89,90,90,89,89,89,89,89,89,90,89,90,89,89,90,89,90,89,89,90,89,88,90,89,89,91,89,89,91,89,90,89,90,89,90,89,89,89,89,89,89,91,89,90,89,90,89,90,89,89,90,90,89,91,90,89,90,89,90,89,90,89,90,89,89,90,89,90,89,91
