Model: samsung SM-G991U1 
Bistro_YORO,32,32,33,36,39,40,43,51,54,49,52,54,61,69,73,70,69,78,70,70,81,69,69,70,79,80,84,40,31,34,30,26,28,27,28,31,34,41,45,43,47,47,58,64,48,27,26,35,39,40,46,46,52,59,67,53,28,29,29,29,31,31,28,29
Memory,77,77,79,78,78,79,77,77,78,77,78,78,77,77,78,77,77,77,78,76,77,78,77,77,76,77,77,76,78,77,77,78,78,78,78,77,78,78,78,77,77,77,78,77,77,78,77,78,78,76,77,77,76,76,78,78,78,77,77,78,78,78,78,78,78,78,78,78,78,77,76,77,77,76,77,78,77,76,76,76,78,78,78,77,76,76,76,76,77,78,78,78,78,77,77,77,78,77,77,77,77,76,78,78,77,78,78,78,77,78,78,78,78,77,78,77,78,78,79,78,78,77,78,76,79,78,78,77
Chat_YORO,76,69,76,75,78,74,70,73,74,77,76
Memory,95,95,95,95,96,96,96,96,96,96,95,96,96,95,95,96,96,95,96,96,96,95
Conference_YORO,69,77,83,70,71,71,65,96,111,103,100,85,93,97,86,79,77,81,82,85,77,82,91,82,80,89,96,98,89,89,104,92,85,73,71,69,68,70,66,64,62,72,79,80,79,75,84,87,91,89,77,83,84,70,70,78,93,88,84,74,82,88,84,78,64
Memory,87,86,85,86,87,87,86,86,87,87,86,86,87,87,86,86,87,86,86,86,85,86,87,86,86,85,85,86,86,85,86,85,86,87,86,86,87,87,87,85,86,87,86,86,87,86,86,86,87,85,86,86,85,85,85,86,85,85,86,87,86,85,87,86,86,86,86,86,87,86,85,85,85,86,86,86,86,87,86,86,87,85,85,86,86,86,87,87,85,87,85,85,87,86,85,86,86,86,85,87,85,87,86,86,86,85,86,85,85,86,87,87,87,87,86,85,85,85,85,85,86,86,86,85,86,86,85,86,86,86
Sponza_YORO,52,50,63,58,70,88,86,83,86,79,76,69,72,72,64,71,71,71,74,76,78,89,95,87,88,52,52,58,70,77,99,80,77,76,55,53,61,64,73,81,92,71,65,55,51,50,58,63,72,79,70
Memory,76,77,76,77,78,76,77,76,77,76,78,76,78,77,76,76,76,77,77,77,77,77,76,77,77,76,77,77,76,76,78,76,77,77,78,76,76,76,77,77,76,77,76,77,76,76,77,76,77,77,76,77,77,76,76,76,76,76,77,77,76,77,76,78,77,76,77,77,76,77,77,78,77,76,76,76,78,77,77,77,77,77,77,77,76,77,77,77,77,78,76,78,76,78,76,78,77,76,78,76,78,76,77
LostEmpire_YORO,62,64,64,70,70,69,72,68,74,68,68,67,65,67,67,65,68,66,69,75,72,72,66,70,69,69,77,71,67,63,65,65,64,63,64,66,66,66,69,66,63,66,63,62,63,65,63,64,66,60,60,62,59,65,63,66,67,66,65,65,65,65,64,66,66,64,64,62,62,65,65,70,64,64,64,63,65,63,65,66,65,61
Memory,77,76,76,76,76,75,75,75,76,75,76,76,77,77,75,76,76,75,76,76,76,76,76,77,75,76,75,76,75,76,76,75,76,76,77,75,76,76,75,76,77,76,75,76,75,75,75,76,76,76,76,75,76,75,76,75,75,76,76,75,75,76,76,76,75,76,76,75,76,76,75,77,76,76,76,76,76,77,75,75,76,76,75,75,75,75,76,75,76,76,75,77,76,75,75,75,76,76,75,75,76,75,75,76,76,75,75,76,76,75,76,75,77,76,76,75,76,75,76,76,76,76,77,76,77,76,76,76,75,77,75,77,76,76,76,77,76,76,75,76,76,75,76,75,77,76,76,77,76,75,77,76,75,76,77,75,76,75,77,76,77,76,76,77,77
Prototype_YORO,65,66,74,89,91,100,107,106,102,69,54,55,53,54,63,69,80,89,106,102,99,98,106,94,90,81,77,88,92,78,99,116,108,98,94,98,102,110,91,65,79,72,49,50,67,81,77,89,85,99,99,57,49,52,60,61,60,65,68,88,105,92,82,97,90,88,68,50,48,51,49,62,73,101,89,64,64,80,90,81,89,71
Memory,82,81,83,81,82,82,83,82,83,82,81,82,82,82,81,82,81,82,81,83,82,83,82,82,83,83,83,81,82,82,83,81,81,83,82,83,83,81,83,81,83,83,83,81,81,82,83,83,81,82,82,82,81,82,81,82,82,82,82,81,82,82,82,81,82,82,82,82,83,83,81,83,83,82,81,81,82,82,81,82,81,81,82,83,82,83,82,82,82,83,81,82,82,82,81,82,82,81,81,82,81,83,83,82,82,83,81,83,82,82,82,81,82,82,81,81,83,82,82,82,83,83,82,82,81,82,82,81,82,83,83,82,81,81,83,82,83,82,83,81,83,83,82,83,83,81,82,83,82,83,82,83,82,82,82,82,83,83,81,82,82,82,82,81,83
SciFiCity_YORO,35,44,45,55,74,43,49,55,58,82,67,63,84,59,60,67,75,37,31,36,49,66,69,27,37,39,35,34,35,72,119,117,106,90,52,35,60,47,48,89,103,41,46,56,48,41,43,57,51,79,45,41,47,68,35,43,55,81,104,96,46,47,57,60,39,37,46,55,76,79,47,30,37,47,58,34,49,74,54,41,62,64
Memory,88,87,87,87,86,86,87,86,87,86,88,87,87,87,88,87,86,87,87,87,86,86,87,86,86,87,86,86,87,87,87,86,87,87,88,88,88,88,87,87,88,87,87,87,87,87,89,90,89,90,90,90,89,89,89,89,89,90,89,88,88,88,89,88,89,89,88,89,90,89,90,89,88,88,90,89,88,88,90,88,89,88,90,90,89,89,89,89,89,88,89,90,89,88,88,89,90,89,88,88,90,89,89,89,88,90,88,90,90,90,89,90,89,88,88,90,88,88,88,90,89,88,88,89,88,88,89,89,89,89,89,90,89,90,89,88,89,89,89,89,90,89,89,88,90,90,90,88,88,90,90,90,88,88,88,88,88,88,90,88,89,89,88,89
UnityChan_YORO,74,68,66,72,74,89,83,88,75,76,64,56,65,64,74,79,93,89,105,94,88,95,90,100,84,82,92,76,60,66,67,73,83,74,74,94,80,74,69,67
Memory,89,90,88,89,89,89,89,90,88,89,88,88,89,89,90,89,89,90,89,89,88,90,88,90,89,90,89,89,90,89,89,90,88,89,88,90,90,89,89,88,89,89,89,89,90,89,89,90,89,88,89,90,90,89,90,89,89,90,89,89,90,90,89,89,89,88,89,89,89,90,89,88,89,89,88,89,90,89,90,89,90
Bistro_Fink,17,19,20,22,22,23,25,25,26,24,27,28,28,29,31,31,30,30,31,30,29,30,31,30,31,34,25,18,21,22,20,19,21,19,19,21,22,23,26,26,26,26,29,25,18,18,20,22,25,26,27,29,32,27,23,20,20,19,19,19,18,18
Memory,85,84,85,85,85,84,85,85,84,85,84,84,85,85,84,85,84,85,85,85,84,84,85,83,83,85,84,85,85,84,83,85,83,84,85,84,85,85,84,84,83,83,83,84,85,84,83,85,85,85,84,84,84,86,86,83,84,84,85,85,85,85,86,85,85,84,85,85,85,85,84,84,84,85,84,85,85,85,85,85,85,83,84,85,84,84,85,86,85,84,84,84,84,84,85,85,84,84,85,85,85,84,85,85,85,84,85,85,84,84,84,85,84,85,85,85,86,84,84,85,84,85,84,85,84
Chat_Fink,30,31,30,30,31,30,31,32,33,33
Memory,101,101,100,101,101,101,101,101,100,100,100,101,101,100,101,100,99,99,101,101,100
Conference_Fink,32,32,32,32,33,30,32,33,34,32,32,32,32,32,32,32,33,34,32,32,32,32,33,30,31,32,32,33,31,32,32,31,31,32,30,30,30,31,32,32,31,33,30,32,31,31,32,32,31,32,32,30,30,31,32,34,33,33,32,33,32,33,31,31
Memory,90,91,91,90,91,92,90,91,91,90,90,90,91,90,91,91,90,91,89,91,90,91,90,91,90,90,91,91,89,89,90,91,90,90,90,91,90,91,91,90,89,90,89,90,91,91,90,90,91,91,90,91,90,91,90,90,91,90,91,90,90,91,91,90,90,91,91,89,91,91,90,90,89,91,91,90,91,90,91,91,91,92,90,89,90,90,89,90,92,90,90,91,90,91,90,89,91,90,91,91,90,91,91,90,90,91,90,90,91,91,91,90,91,91,91,90,91,89,90,90,90,91,91,91,91,91,91,91
Sponza_Fink,27,27,27,29,30,30,31,30,30,30,30,29,30,29,29,30,29,30,30,32,31,31,31,32,28,26,28,28,30,32,33,31,30,29,30,26,29,32,31,32,36,32,26,27,28,30,27,30,31,30
Memory,82,82,80,82,81,81,81,81,82,81,81,80,82,81,82,81,81,81,82,81,81,82,82,80,82,82,81,82,81,81,81,81,82,81,81,81,81,81,82,81,82,82,82,81,81,82,81,81,82,82,81,81,82,82,81,82,81,81,82,81,81,82,82,81,81,81,82,82,81,82,81,82,81,80,82,81,81,82,82,81,80,81,81,81,82,82,82,81,82,81,81,81,82,81,82,81,81,82,81,82,81
LostEmpire_Fink,28,28,28,30,30,29,30,28,28,29,35,39,31,27,31,29,31,31,27,28,32,34,29,28,29,30,31,30,29,31,31,30,30,30,30,32,30,28,28,29,30,30,28,31,30,30,31,30,30,31,30,37,31,30,30,29,31,29,31,30,30,30,31,29,29,30,30,31,32,30,29,30,30,31,32,30,28,29,28,29
Memory,81,80,80,80,82,80,79,81,81,80,81,81,80,81,81,80,80,80,80,81,80,81,81,80,80,81,80,80,81,80,81,81,81,80,79,81,80,80,81,80,81,80,81,81,81,81,81,81,80,81,80,81,80,80,80,80,81,80,80,81,80,80,80,80,81,81,81,80,80,80,81,81,80,81,81,80,80,82,81,81,80,81,80,81,81,81,81,81,80,80,81,80,80,79,80,81,80,81,80,80,80,81,82,81,80,79,80,80,81,81,81,80,80,80,80,81,81,80,80,81,80,80,80,81,82,81,80,81,80,80,80,79,79,81,80,81,81,80,81,81,82,81,81,81,80,81,80,79,80,79,80,79,81,80,80,80,80,80,81,81,80
Prototype_Fink,30,33,32,31,31,32,32,33,32,28,29,30,29,28,30,31,32,31,31,32,34,34,34,33,39,32,32,32,32,31,33,36,34,36,35,34,34,34,32,32,31,28,28,32,32,30,32,32,32,33,29,30,31,28,30,30,31,32,32,32,31,33,34,34,30,30,29,29,31,29,32,32,32,29,29,32,32,32,31,31,31
Memory,84,86,85,84,84,84,86,84,85,85,84,86,85,86,85,85,85,84,85,84,84,84,85,86,86,85,86,85,85,84,84,84,86,84,85,85,86,86,86,85,85,85,84,85,85,85,84,85,84,84,86,86,85,85,85,85,86,85,84,84,86,84,85,84,84,84,85,85,85,85,84,84,86,84,84,84,84,85,86,85,86,84,85,85,86,84,85,86,84,85,86,84,84,85,84,85,86,84,85,84,85,86,85,86,85,85,85,85,85,85,85,85,85,85,84,85,85,85,85,86,86,85,85,86,86,85,85,86,85,86,86,86,84,84,86,85,86,85,86,84,86,85,85,86,84,85,86,86,85,84,84,86,86,86,86,84,84,85,85,84,85,85
SciFiCity_Fink,23,28,26,30,32,27,28,30,31,33,32,31,33,29,30,31,30,22,22,25,29,32,27,21,28,26,25,24,27,34,36,35,34,31,23,29,29,29,28,32,30,27,29,28,28,27,28,29,32,29,25,26,32,25,27,29,32,31,31,26,27,30,32,28,25,26,28,30,33,30,24,27,32,31,25,27,31,30,26,31,31
Memory,89,88,89,89,89,89,88,89,90,90,89,90,90,89,90,89,89,90,89,88,88,89,90,89,88,90,89,89,90,89,88,90,90,89,91,89,90,90,90,90,90,89,89,90,90,91,91,90,88,90,90,90,90,88,91,89,90,88,88,89,88,89,90,88,90,90,89,89,90,89,89,90,88,90,89,88,89,89,90,89,90,89,89,89,89,88,90,89,90,88,89,89,90,89,89,90,89,89,89,89,90,90,88,89,90,90,90,89,89,89,90,90,89,90,90,89,88,90,88,89,90,89,88,89,88,89,89,89,90,90,89,89,89,90,90,90,89,88,89,90,91,91,89,88,90,90,89,89,91,91,89,90,90,90,89,89,88,89,90,88,90,89
UnityChan_Fink,30,31,31,31,31,33,29,31,31,31,30,30,32,31,30,32,31,33,30,30,34,34,33,35,39,35,31,31,28,32,31,29,30,32,34,31,30,32,33,33
Memory,89,90,90,90,90,89,91,90,90,89,89,90,90,90,89,90,89,90,90,90,90,90,89,90,88,90,90,89,90,89,90,90,89,90,89,90,89,89,90,90,89,89,90,90,89,90,90,88,89,90,89,90,89,89,89,89,89,89,89,89,90,90,90,88,90,89,90,89,88,90,89,90,90,90,91,89,89,89,89,89
Bistro_Conventional,18,16,18,20,21,22,22,24,24,24,24,26,29,32,32,33,33,33,30,30,30,30,30,32,34,37,27,16,17,19,16,14,16,16,17,18,20,23,29,28,27,29,32,25,16,14,18,21,21,22,25,26,32,30,23,16,17,16,17,17,18,16
Memory,85,85,84,85,85,86,85,84,84,84,85,84,85,85,85,85,84,84,85,84,85,85,84,85,84,84,85,84,84,84,85,84,85,84,85,85,85,84,85,84,85,84,84,85,85,84,85,84,85,85,84,84,84,84,85,85,85,85,85,86,85,85,85,85,85,86,86,85,84,86,86,85,84,84,84,84,86,84,85,85,85,84,85,84,84,84,85,86,85,85,85,85,84,86,85,85,85,84,84,84,85,85,85,85,85,84,85,85,85,84,84,84,85,84,85,85,85,86,85,85,86,86,86,85,86
Chat_Conventional,37,33,34,29,30,29,30,30,30,32
Memory,101,101,101,101,101,101,101,101,101,100,100,100,101,101,101,100,100,100,100,101,100
Conference_Conventional,32,32,32,32,32,32,33,33,34,33,31,31,32,33,32,32,33,32,32,31,32,31,33,32,32,31,32,33,32,32,32,33,31,32,30,29,30,33,33,31,30,31,30,32,32,32,31,31,31,31,30,30,30,32,33,36,33,32,32,32,32,33,32,31
Memory,91,91,90,92,91,92,91,90,91,91,90,92,91,91,92,91,91,90,90,91,90,91,91,90,91,90,90,90,90,91,92,90,90,91,91,90,91,90,92,90,90,90,91,90,90,90,91,91,90,91,90,92,91,89,92,90,91,90,91,90,91,90,90,92,91,90,90,90,91,90,90,91,91,91,91,90,92,90,91,90,90,91,90,90,91,91,90,91,91,90,91,91,92,90,91,90,91,90,92,90,91,92,91,91,91,92,91,91,92,91,91,92,91,90,91,90,91,90,91,90,91,90,92,90,91,91,90,91
Sponza_Conventional,23,27,29,29,31,32,33,31,30,31,30,30,32,30,30,31,31,32,32,32,32,33,32,32,28,27,28,30,33,33,33,33,32,29,28,29,30,32,35,33,32,30,27,26,27,28,29,31,33,33
Memory,82,81,82,82,82,83,82,82,82,82,81,82,82,81,81,81,82,82,82,82,81,82,82,82,82,82,82,81,81,82,82,82,81,82,82,81,81,81,82,81,81,82,81,81,82,82,81,81,82,82,82,81,82,82,81,81,82,82,82,81,82,82,82,82,81,82,82,81,82,81,82,82,81,81,81,82,82,82,82,81,81,83,82,82,83,82,82,82,83,81,83,82,82,82,82,81,82,81,81,82,81
LostEmpire_Conventional,31,29,31,32,32,30,31,30,30,30,30,30,31,32,32,30,32,30,32,32,30,30,29,35,32,45,43,32,29,29,30,30,30,30,31,30,30,32,30,28,30,29,29,30,30,29,30,30,30,29,29,29,28,29,31,30,31,29,31,30,30,30,30,30,30,30,28,30,31,30,30,29,30,30,30,30,29,30,30,30,30
Memory,81,81,80,81,80,81,82,80,81,81,81,82,80,81,81,81,80,82,81,80,81,80,81,81,81,81,80,81,80,81,81,82,82,80,80,80,82,81,80,81,82,81,80,80,81,81,81,81,80,80,80,81,80,80,80,81,81,81,81,82,80,81,81,80,81,80,80,81,81,81,82,81,81,80,80,81,81,80,81,82,81,81,81,81,81,80,81,81,80,81,82,80,80,82,81,81,80,80,80,81,80,80,81,80,80,80,80,81,80,81,81,82,81,81,82,81,80,81,80,80,81,81,80,81,81,80,81,81,81,81,81,80,81,81,80,81,81,81,80,81,81,80,81,80,81,82,81,80,81,80,81,80,80,81,81,80,81,80,80,80,80,81
Prototype_Conventional,28,27,29,30,30,32,31,33,31,27,27,26,26,27,29,33,36,34,31,32,36,36,35,34,32,29,30,32,32,34,34,37,34,34,35,37,35,31,29,31,30,26,25,31,32,31,32,33,34,33,29,27,27,27,27,28,30,32,32,31,29,31,35,34,30,28,27,26,27,28,29,32,32,29,28,28,30,36,35,30,28
Memory,86,85,85,85,85,86,85,85,85,85,85,86,85,85,84,86,85,85,86,86,85,86,86,86,86,86,85,86,85,85,86,85,85,85,86,85,85,85,85,85,85,85,84,85,84,85,85,85,85,86,85,85,85,86,84,85,85,85,85,85,86,84,85,85,85,86,85,86,84,85,86,85,84,85,86,84,86,86,85,85,85,85,86,86,85,85,85,86,85,86,86,86,85,85,85,85,84,84,84,86,86,85,85,85,85,86,85,84,84,85,85,84,85,84,86,84,84,86,84,86,86,86,85,86,86,85,86,84,85,86,85,85,85,84,86,85,85,85,86,85,85,86,84,86,85,84,85,86,85,85,86,86,86,85,86,86,85,85,85,84,86,86
SciFiCity_Conventional,19,23,23,28,34,23,26,26,31,31,28,33,30,27,30,30,28,18,18,25,27,32,19,17,24,22,19,17,26,34,34,33,32,28,19,25,25,24,26,31,24,24,24,26,25,23,27,25,29,25,21,26,29,20,24,26,28,31,27,27,22,29,26,21,21,23,24,28,29,20,17,24,28,33,15,34,28,26,29,29
Memory,89,89,90,89,90,89,90,88,90,89,91,89,90,90,88,90,90,90,89,90,89,90,90,90,90,89,90,89,90,90,90,88,90,90,90,90,89,89,91,90,90,89,90,90,91,91,90,89,90,89,89,90,90,90,90,90,89,90,89,89,90,89,89,89,88,89,89,90,91,90,89,89,89,89,89,90,90,89,90,89,90,90,90,89,89,90,90,91,91,89,89,90,90,90,90,90,90,90,91,89,90,90,89,89,89,90,91,90,90,89,90,90,90,89,90,89,90,91,89,90,91,91,88,90,90,90,89,90,90,89,90,90,90,90,90,90,90,90,90,90,91,90,90,90,90,90,89,90,91,90,89,90,91,90,90,89,90,89,90,89,89
UnityChan_Conventional,29,30,40,43,46,41,35,31,31,32,31,28,33,29,30,30,30,32,32,35,38,40,33,31,31,31,30,29,30,30,32,31,32,35,36,35,31,30,29,31
Memory,91,89,90,90,89,89,90,89,91,90,91,90,90,89,91,89,89,90,90,90,91,90,89,89,89,90,90,90,90,89,90,89,90,91,91,90,90,90,90,89,90,89,90,89,90,89,90,90,90,90,89,90,90,89,90,90,89,89,91,91,89,90,90,89,90,90,90,89,90,89,89,90,89,89,90,90,90,89,89,89
