Model: samsung SM-G991U1 
Bistro_YORO,115,120,120,120,120,117,118,120,120,120,120,119,120,120,120,120,120,120,120,119,120,120,120,119,119,119,119,120,118,120,119,119,120,120,120,120,118,120,119,120,120,120,120,120,119,119,118,118,120,120,119,120,119,120,120,120,117,116,117,116,114,120,120,119,119
Memory,53,53,53,53,53,53,53,53,53,53,53,53,53,53,53,53,53,53,53,53,53,53,53,53,53,53,53,53,53,53,53,53,53,53,53,53,53,53,53,53,53,53,53,53,53,53,53,53,53,53,53,53,53,53,53,53,55,53,53,53,53,53,53,53,53,53,53,53,53,53,53,53,53,53,53,53,53,53,53,53,53,53,53,53,53,53,53,53,53,53,55,53,53,55,56,53,53,53,53,53,53,53,53,53,53,53,53,53,53,53,53,53,53,55,55,54,53,55,55,55,54,55,53,53,53,53,56,54,55,53
Chat_YORO,119,120,119
Memory,72,72,72,72,72,72,72,72,72,72,72,72,72,72,72,72,72,72,72,72,72,72
Conference_YORO,120,120,118,120,120,120,119,119,120,120,119,119,120,118,119,119,120,120,119,120,120,119,120,120,119,120,119,120,119,120,120,119,119,120,120,119,120,119,120,119,120,119,120,119,120,120,119,120,119,120
Memory,62,62,62,62,62,62,62,62,62,62,62,62,62,62,62,62,62,62,62,62,62,62,62,62,62,62,62,62,62,62,62,62,62,62,62,62,62,62,62,62,62,62,62,62,62,62,62,62,62,62,62,62,62,62,62,62,62,62,62,62,62,62,62,62,62,62,62,62,62,62,62,62,62,62,62,62,62,62,62,62,62,62,62,62,62,62,62,62,62,62,62,62,62,62,62,62,62,62,62,62,62,62,62,62,62,62,62,62,62,62,62,62,62,62,62,62,62,62,62,62,62,62,62,62,62,62,62,62,62,62,62
Sponza_YORO,120,120,119,120,119,119,120,120,119,120,118,120,120,118,119,120,120,120,118,120,119,120,120,120,118,120,119,119,120,120,120,120,118,120,119,119,120
Memory,53,53,53,53,53,53,53,53,53,53,53,53,53,53,53,53,53,53,53,53,53,53,53,53,53,53,53,53,53,53,53,53,53,53,53,53,53,53,53,53,53,53,53,53,53,53,53,53,53,53,53,53,53,53,53,53,53,53,53,53,53,53,53,53,53,53,53,53,53,53,53,53,53,53,53,53,53,53,53,53,53,53,53,53,53,53,53,53,53,53,53,53,53,53,53,53,53,53,53,53,53,53,53
LostEmpire_YORO,119,120,120,120,120,120,118,119,119,119,119,120,119,119,120,119,120,120,119,119,120,120,119,120,119,120,120,120,120,120,120,120,119,120,119,120,120,119,120,120,120,120,120,120,120,120,120,120,120,120,119,120,119,120,120,120,120,119,120,120,120,115,118,120,119,120,119,117,118,119,120,120,120,120,120,119,119,120,120,120,119,120
Memory,52,52,52,52,52,52,52,52,52,52,52,52,52,52,52,52,52,52,52,52,52,52,52,52,52,52,52,52,52,52,52,52,52,52,52,52,52,52,52,52,52,52,52,52,52,52,52,52,52,52,52,52,52,52,52,52,52,52,52,52,52,52,52,52,52,52,52,52,52,52,52,52,52,52,52,52,52,52,52,52,52,52,52,52,52,52,52,52,52,52,52,52,52,52,52,52,52,52,52,52,52,52,52,52,52,52,52,52,52,52,52,52,52,52,52,52,52,52,52,52,52,52,52,52,52,52,52,52,52,52,52,52,52,52,52,52,52,52,52,52,52,52,52,52,52,52,52,52,52,52,52,52,52,52,52,52,52,52,52,52,52,52,52,52,52,52
Prototype_YORO,117,120,120,120,119,120,120,119,119,108,120,119,120,120,120,119,120,119,120,120,120,120,120,120,120,120,120,119,120,118,120,119,120,120,120,119,114,119,119,120,120,120,120,120,119,120,120,120,120,120,120,120,120,120,119,120,120,120,120,120,120,116,120,120,120,120,120,120,120,120,120,120,120,120,120
Memory,58,58,58,58,58,58,58,58,58,58,58,58,58,58,58,58,58,58,58,58,58,58,58,58,58,58,58,58,58,58,58,58,58,58,58,58,58,58,58,58,58,58,58,58,58,58,58,58,58,58,58,58,58,58,58,58,58,58,58,58,58,58,58,58,58,58,58,58,58,58,58,58,58,58,58,58,58,58,59,58,58,58,58,58,58,58,58,58,58,58,58,58,58,58,58,58,58,58,58,58,58,58,58,58,58,58,58,58,58,58,58,58,58,58,58,58,58,58,58,58,58,58,58,58,58,58,58,58,58,58,58,58,58,59,58,58,58,58,58,58,58,58,58,58,58,58,58,58,58,58,58,58,58,58,58,58,58,58,58,58,58,58,58,58,58,58
SciFiCity_YORO,82,120,120,118,114,114,120,120,120,120,120,120,120,118,119,120,90,75,85,120,120,85,68,112,104,91,82,100,120,119,120,120,85,95,119,120,120,120,120,104,111,120,120,110,109,120,107,120,115,101,116,118,88,114,120,120,120,118,109,120,115,120,106,94,112,118,120,120,120,83,86,119,120,104,73,120,118,95,119,120
Memory,64,63,63,63,63,63,63,63,63,63,64,64,63,63,63,63,63,63,63,63,63,63,63,63,63,63,63,63,63,63,63,63,63,63,64,65,65,65,65,63,63,63,63,63,63,65,65,65,64,63,65,65,63,64,64,64,64,64,63,63,63,63,63,63,63,63,63,63,63,64,65,64,63,63,63,63,64,63,63,63,63,63,63,64,63,63,63,63,63,63,63,64,64,65,63,63,63,64,63,63,63,63,64,65,64,63,63,63,64,64,63,65,63,63,63,63,63,63,63,63,65,63,63,63,64,64,63,63,63,64,64,64,64,64,65,63,63,63,63,63,63,63,64,64,64,64,65,63,63,63,63,63,63,64,63,63,63,65,63,64,64,63,63,63,63
UnityChan_YORO,115,120,120,120,120,120,120,120,120,120,120,120,120,120,120,120,120,120,120,120,120,119,120,120,120,119,120,120,120,120,120,120,120,119
Memory,63,63,63,63,63,63,63,63,63,63,63,63,63,63,63,63,63,63,63,63,63,63,63,63,63,63,63,63,63,63,63,63,63,63,63,63,63,63,63,63,63,63,63,63,63,63,63,63,63,63,63,63,63,63,63,63,63,63,63,63,63,63,63,63,63,63,63,63,63,63,63,63,63,63,63,63,63,63,63,63,63
Bistro_Fink,45,45,44,47,55,56,59,61,58,63,63,69,77,87,108,116,112,108,112,116,116,111,100,100,111,120,100,40,30,38,35,33,34,36,37,41,45,50,53,57,58,62,70,97,89,32,32,42,50,53,55,59,69,84,102,100,35,34,35,41,43,42,40,40
Memory,59,59,59,60,60,59,59,58,60,59,60,58,59,58,59,59,59,58,60,58,59,60,60,60,60,59,60,59,59,59,58,59,59,59,58,58,58,58,59,58,59,58,58,60,60,60,59,59,60,58,58,58,58,60,60,60,60,59,60,59,59,59,59,60,60,60,59,59,60,59,60,60,60,60,60,60,59,60,58,59,60,60,59,60,59,59,59,60,59,60,59,59,60,60,59,59,60,60,58,60,59,59,60,60,58,59,59,59,59,58,58,58,61,59,60,59,60,60,60,60,59,59,59,59,60,60,59,59,59
Chat_Fink,119,119,119
Memory,74,74,74,74,74,74,74,74,74,74,74,74,74,74,74,74,74,74,74,74,74,74
Conference_Fink,109,113,119,115,106,113,118,119,106,118,119,119,114,118,105,110,101,108,102,109,107,110,112,116,118,120,113,90,83,84,83,85,90,97,102,117,110,113,116,119,117,107,98,80,109,119,120,119,119,113
Memory,66,65,65,66,64,64,64,64,65,64,64,65,65,64,64,64,64,64,64,64,65,66,64,64,64,64,64,64,64,64,64,66,64,64,64,66,64,65,64,64,64,65,66,65,66,65,65,64,65,66,65,65,65,66,65,66,66,64,64,64,64,64,64,64,66,64,65,66,64,65,66,64,66,65,64,66,64,66,65,66,65,66,66,64,64,66,64,66,64,64,64,64,64,64,64,64,64,64,64,64,66,64,66,64,65,66,66,66,64,64,64,64,64,64,64,64,64,64,64,64,64,64,64,64,64,64,64,64,64,65,65
Sponza_Fink,68,80,88,109,120,119,118,119,117,101,120,120,120,120,120,119,85,82,98,117,119,119,85,90,95,106,115,118,106,80,71,74,85,106,119,119,106
Memory,56,56,57,56,56,55,55,55,55,55,55,55,55,55,55,55,55,55,55,55,55,55,55,55,55,55,57,56,56,55,55,55,55,55,55,55,55,55,55,55,55,55,55,55,55,55,55,55,55,55,57,56,57,55,56,56,55,55,55,55,55,55,55,55,56,55,55,57,56,56,56,57,57,57,56,57,55,55,55,55,55,55,56,56,57,56,56,56,55,55,56,55,55,57,55,55,56,55,55,55,55,55,55
LostEmpire_Fink,87,96,106,119,104,109,97,108,113,111,112,120,112,120,118,119,101,95,110,113,100,85,84,72,72,117,118,113,115,119,119,119,112,116,118,115,114,105,118,109,101,95,89,98,108,115,105,110,111,112,107,104,108,108,118,117,118,104,90,106,115,107,101,103,102,113,100,100,91,98,110,98,92,98,96,91,93,102,106,106,108,94
Memory,56,56,55,56,56,55,54,54,54,55,55,54,56,54,54,54,54,56,55,54,54,54,54,54,54,54,54,54,54,55,54,54,55,54,56,55,56,54,54,54,55,55,55,55,55,56,56,56,56,55,55,54,54,54,56,56,55,54,54,54,54,54,54,54,54,56,54,55,54,56,54,54,54,54,56,56,55,55,54,54,55,54,55,56,55,55,56,56,54,54,54,55,56,56,56,54,55,55,55,55,55,56,55,55,55,56,56,56,56,54,54,54,55,54,56,56,54,55,55,55,54,55,54,55,55,54,56,56,56,55,54,55,56,55,54,55,55,56,55,55,54,54,55,55,56,55,55,54,54,56,55,55,56,55,54,55,55,55,56,54,55,55,55,55,56
Prototype_Fink,76,96,106,105,102,109,112,112,82,62,67,57,53,60,81,66,60,63,68,102,110,117,108,107,92,91,117,118,108,120,119,118,116,117,116,100,88,109,105,73,66,104,105,114,118,118,116,77,65,67,75,85,95,103,112,119,99,99,106,119,111,72,66,59,69,73,100,114,108,97,97,115,119,114,99
Memory,59,60,60,60,60,59,60,60,60,59,59,60,60,59,59,59,59,60,59,60,60,59,59,60,59,59,59,59,59,59,59,59,59,59,59,59,60,59,59,59,59,59,59,59,59,59,59,59,59,59,59,59,60,59,59,59,59,60,60,59,59,59,59,59,59,59,59,59,59,59,59,59,59,59,59,59,60,60,59,59,60,59,59,59,59,59,59,60,60,59,59,61,59,59,59,59,59,60,59,59,59,59,60,60,59,59,60,60,59,60,59,59,59,59,60,60,60,59,59,59,60,59,59,59,59,59,59,59,59,59,59,60,59,60,60,60,60,60,59,59,60,59,60,60,60,60,59,59,60,59,60,59,60,59,59,59,59,59,59,59,59,60,60,59,60
SciFiCity_Fink,37,60,59,91,92,56,75,83,100,110,100,118,95,77,105,108,41,36,45,74,108,49,29,49,43,40,34,49,110,112,108,107,37,53,72,67,78,95,82,59,67,74,61,53,61,67,74,78,56,55,79,69,44,61,78,102,107,69,62,56,91,55,40,40,47,56,70,81,41,32,46,57,75,30,82,73,67,56,69
Memory,65,65,64,64,64,64,64,65,63,63,64,64,64,64,65,63,65,63,65,63,65,63,64,63,63,63,64,63,64,65,63,63,63,64,65,64,64,65,64,63,63,63,64,63,63,66,64,64,65,64,64,64,65,65,65,65,65,65,65,63,63,63,63,64,63,63,63,64,65,65,65,63,64,64,64,65,64,65,63,63,63,63,65,64,65,65,63,65,65,65,65,63,63,65,65,64,64,64,64,64,65,63,64,64,64,63,65,64,65,64,65,64,65,65,65,65,65,63,64,65,65,65,63,63,65,64,64,65,64,65,65,65,65,65,64,64,65,63,64,63,64,64,65,65,65,65,63,65,63,64,64,64,64,64,64,65,63,64,65,65,65,63,65,65
UnityChan_Fink,105,108,106,105,108,109,108,104,105,113,107,108,103,106,104,103,106,113,107,112,114,120,116,112,102,103,113,112,114,113,111,116,114,115
Memory,64,64,65,65,64,65,65,64,64,65,63,64,64,64,65,64,64,65,65,65,64,65,64,65,63,63,65,64,64,64,64,65,65,63,63,65,63,65,63,65,65,63,63,63,63,63,63,63,63,63,63,63,63,63,63,64,64,64,65,64,64,65,64,65,64,64,64,64,63,63,63,63,63,63,63,63,63,65,65,63,65,63
Bistro_Conventional,48,80,88,98,116,120,120,120,119,120,119,120,120,120,120,120,119,119,120,120,120,120,120,119,119,120,119,101,70,87,84,69,68,67,73,79,87,97,109,115,119,117,120,120,120,82,68,80,111,114,119,120,116,115,120,120,99,77,78,72,74,81,79,70,75
Memory,61,59,59,61,59,60,60,59,60,58,58,58,58,58,58,58,58,58,58,58,58,60,58,58,58,58,58,58,58,58,58,58,58,58,58,58,58,58,58,58,58,58,58,58,58,58,58,58,58,58,58,58,58,58,59,60,59,59,59,59,59,60,61,60,59,61,60,59,60,60,60,60,60,60,59,60,58,59,60,58,58,60,58,58,58,58,58,58,58,58,59,59,60,61,60,59,60,59,59,58,58,58,58,58,58,58,58,58,58,58,58,58,59,60,59,59,60,60,60,59,60,60,61,60,59,60,59,61,59,60
Chat_Conventional,120,119,119
Memory,74,74,74,74,74,74,74,74,74,74,74,74,74,74,74,74,74,74,74,74,74,74
Conference_Conventional,120,120,120,120,120,118,120,120,120,118,120,119,120,120,120,119,120,119,119,120,120,119,120,120,120,117,120,119,120,120,119,120,120,119,119,120,118,119,120,119,120,119,118,120,119,119,119,118,120,120
Memory,64,64,64,64,64,64,64,64,64,64,64,64,64,64,64,64,64,64,64,64,64,64,65,65,65,65,65,65,65,65,65,65,65,65,65,65,65,65,65,65,65,65,65,65,65,65,65,65,65,65,65,65,65,65,65,65,65,65,65,65,65,65,65,65,65,65,65,65,65,65,65,65,65,65,65,65,65,65,65,65,65,65,65,65,65,65,66,65,65,65,65,65,65,65,65,65,65,65,65,65,65,65,65,65,65,65,65,65,65,65,65,65,65,65,65,65,65,65,65,65,65,65,65,65,65,65,65,65,65,65,65
Sponza_Conventional,119,120,120,120,119,120,120,119,116,104,120,115,109,117,117,118,102,112,119,120,120,119,113,120,120,120,120,120,117,109,105,107,115,120,118,119,119
Memory,55,55,55,55,57,55,55,55,55,57,55,55,55,55,55,55,55,55,55,55,55,55,55,55,55,55,55,57,58,55,55,55,55,55,55,55,55,57,55,55,55,55,55,55,55,55,55,55,55,55,56,56,56,57,55,55,55,55,55,55,55,55,55,55,55,55,55,56,57,55,55,55,55,55,55,55,55,55,55,55,55,55,55,55,55,57,57,57,57,57,56,57,57,55,55,55,55,55,55,55,55,55,57
LostEmpire_Conventional,115,120,119,119,120,120,117,120,120,118,120,120,120,119,120,120,120,119,120,112,119,119,108,112,118,120,120,120,120,119,120,120,119,120,120,117,119,120,118,115,112,118,120,119,120,119,120,119,120,118,117,118,117,120,120,120,120,120,118,120,119,120,120,119,120,120,120,120,120,120,118,120,120,120,120,119,120,120,119,120,120,120
Memory,54,54,55,54,54,54,54,54,54,54,54,54,54,54,55,55,54,54,54,54,54,54,54,54,54,54,54,54,54,54,54,54,54,54,54,54,54,54,54,54,54,54,54,54,55,56,55,55,54,54,56,54,54,54,54,54,54,54,54,54,54,54,54,54,54,55,54,54,54,54,54,54,54,54,54,54,56,54,54,55,54,55,56,55,54,54,54,54,54,54,54,54,54,54,54,54,54,54,54,54,56,56,56,54,54,56,54,54,54,54,54,54,54,54,54,54,54,54,54,54,54,54,54,54,54,54,54,54,54,55,54,54,54,54,54,54,54,54,54,54,54,54,54,54,54,54,54,54,54,54,54,54,54,54,54,54,54,54,54,54,54,54,54,54,54,54
Prototype_Conventional,97,114,120,119,120,120,120,120,108,89,86,88,104,120,119,120,120,119,120,120,120,120,120,120,120,120,120,120,120,120,119,120,119,120,120,112,115,119,115,79,77,111,120,120,120,120,120,102,76,84,98,109,120,120,120,119,119,120,120,120,120,92,74,74,84,86,118,120,120,116,109,118,120,120,111
Memory,60,59,60,59,59,59,59,59,59,59,59,59,59,59,59,59,59,59,60,60,60,60,61,59,60,60,60,59,59,59,60,59,59,59,59,59,59,59,59,59,59,59,59,59,59,59,59,59,59,59,59,59,59,59,59,59,59,59,59,59,59,59,59,59,59,59,59,59,59,60,59,59,59,59,59,60,59,59,59,59,59,59,59,59,59,60,60,60,59,59,59,59,59,59,59,59,59,59,59,59,59,59,61,61,60,61,59,59,59,60,60,59,59,59,59,59,59,59,59,59,59,59,59,59,59,59,59,59,59,59,59,59,59,61,60,61,60,60,60,59,59,61,61,59,59,59,59,59,59,59,59,60,61,59,59,59,61,59,59,59,59,59,59,59,60,59
SciFiCity_Conventional,40,61,63,94,100,52,81,90,117,120,104,120,104,78,116,116,47,32,39,70,110,49,24,42,38,35,30,43,115,120,118,116,33,49,70,52,65,81,83,46,57,68,55,47,51,73,65,81,46,46,77,78,41,52,71,90,99,66,60,51,95,54,35,37,44,50,66,82,39,30,46,61,76,25,99,68,61,63,74
Memory,67,67,66,68,66,67,67,65,65,65,66,67,67,67,66,67,67,65,65,65,65,66,65,65,65,65,67,66,67,65,65,65,65,67,67,67,67,67,67,67,67,66,65,65,65,66,66,68,67,67,67,66,67,67,67,67,67,67,66,65,65,65,65,65,65,65,66,65,67,67,67,67,65,66,67,67,66,66,67,66,67,67,67,66,67,67,66,66,66,67,68,66,67,66,67,67,66,67,67,67,67,66,67,67,67,66,67,67,67,67,67,66,66,66,67,66,67,67,67,66,66,67,67,66,67,66,67,67,67,66,67,67,66,66,66,67,67,67,67,66,67,67,67,67,67,67,66,66,67,67,67,66,69,67,67,68,68,68,69,68,69,68,68,69
UnityChan_Conventional,100,101,108,115,117,105,102,108,114,114,110,115,112,111,105,110,104,107,114,115,119,120,119,111,102,104,103,101,105,111,114,115,116,114
Memory,68,68,69,68,70,68,67,67,68,67,70,69,69,69,69,68,68,68,70,68,68,69,69,68,68,70,68,68,69,70,68,67,69,68,68,68,69,68,69,68,67,67,67,67,67,67,68,67,68,67,67,67,67,67,69,68,68,68,69,69,69,68,69,69,69,68,69,69,67,67,67,67,69,67,67,67,67,67,68,67,69,69
Bistro_SPI,24,26,28,29,34,43,49,57,63,62,65,85,98,120,120,119,120,120,120,120,120,120,120,120,120,89,25,16,16,16,16,16,16,16,16,17,19,21,26,36,50,78,109,91,15,14,16,29,34,46,61,94,117,120,78,14,14,14,15,16,18,19,23
Memory,51,52,50,52,52,51,51,52,50,51,50,50,50,50,50,51,50,50,50,50,49,50,51,49,49,51,49,49,49,49,49,49,49,49,49,49,49,49,49,49,49,49,49,49,49,49,49,49,49,49,51,51,50,50,50,51,50,50,52,50,52,50,50,51,49,51,51,51,52,52,50,49,51,51,50,49,50,50,50,51,51,51,49,49,49,49,49,52,52,50,51,51,51,50,51,51,51,51,49,51,49,50,49,51,49,49,49,49,50,51,51,51,50,51,50,50,49,51,52,52,51,50,51,52,50,50
Chat_SPI,120,120,120
Memory,68,68,68,68,68,68,68,68,68,68,68,68,68,68,68,68,68,68,68,68,68
Conference_SPI,119,120,120,120,120,120,120,120,120,120,120,120,120,120,120,120,120,120,120,120,118,120,120,119,120,119,120,120,120,120,120,120,120,120,120,120,120,120,120,120,120,120,120,120,119,120,120,120,120
Memory,58,58,58,58,58,58,58,58,58,58,58,58,58,58,58,58,58,58,58,58,58,58,58,58,58,58,58,58,58,58,58,58,58,58,58,58,58,58,58,58,58,58,58,58,58,58,58,58,58,58,58,58,58,58,58,58,58,58,58,58,58,58,58,58,58,58,58,58,58,58,58,58,58,58,58,58,58,58,58,58,58,58,58,58,58,58,58,58,58,58,58,58,58,58,58,58,58,58,58,58,58,58,58,58,58,58,58,58,58,58,58,58,58,58,58,58,58,58,58,58,58,58,58,58,58,58,58,58,58,58
Sponza_SPI,70,90,112,120,120,120,119,120,120,104,120,119,120,120,120,116,85,92,113,116,119,107,65,84,89,102,120,120,100,75,82,86,101,116,120,120
Memory,50,50,50,50,49,49,49,49,49,49,49,49,49,49,49,49,50,49,49,49,49,49,49,49,49,49,49,49,49,49,49,49,49,49,49,49,49,49,49,49,49,49,49,49,49,49,49,49,51,51,50,49,51,50,51,49,49,49,49,49,49,49,49,49,49,49,51,51,49,49,49,50,49,49,51,49,49,49,49,49,49,49,49,49,51,49,49,51,49,49,49,49,49,51,49,49,49,49,49,49,49,50
LostEmpire_SPI,27,49,109,117,95,120,54,30,39,48,77,81,107,120,106,106,120,120,120,101,36,13,15,23,46,86,64,42,59,64,46,45,53,63,48,38,33,47,16,17,18,24,38,58,45,30,35,61,32,19,25,39,48,62,73,84,71,25,65,81,77,72,68,70,50,23,26,57,67,70,53,28,51,38,48,56,58,59,34,29
Memory,48,50,50,48,48,48,48,48,48,48,48,48,48,48,49,49,50,50,48,48,48,48,50,48,48,48,48,48,48,48,48,48,48,48,48,48,48,48,48,48,48,50,48,48,50,48,49,48,48,48,48,48,48,48,49,48,48,48,48,48,48,49,50,48,48,48,48,48,50,48,49,48,49,49,48,48,49,48,48,48,49,48,49,48,49,48,48,48,48,50,49,50,48,49,49,48,48,48,49,50,48,48,49,48,48,48,48,48,48,48,48,48,48,48,48,48,50,48,48,48,48,49,48,48,48,48,48,48,48,48,49,48,50,48,48,48,48,48,48,48,48,48,49,48,50,48,49,48,49,48,48,48,48,48,48,48,49,49,48,48,49,50
Prototype_SPI,79,94,114,101,104,120,120,113,81,68,63,61,71,91,109,120,120,115,120,120,120,120,120,120,82,94,117,120,120,120,120,120,120,120,114,67,70,81,64,54,67,120,119,120,120,120,100,59,56,62,67,78,96,120,120,118,93,114,120,101,52,55,54,60,63,79,104,120,108,79,103,120,118,93
Memory,55,55,55,55,55,55,56,54,54,53,53,53,53,53,53,53,53,55,55,55,54,54,55,55,55,55,55,54,54,54,55,55,53,53,53,53,54,54,53,53,53,53,53,53,53,53,53,53,53,54,55,54,54,54,54,53,53,53,53,53,53,53,53,53,53,53,53,53,53,53,53,53,53,53,53,55,55,55,56,56,56,56,55,55,54,56,54,55,53,53,53,54,53,53,53,53,53,53,53,53,54,55,55,55,55,55,55,55,56,55,56,55,56,54,53,53,53,53,53,53,54,55,54,55,53,53,53,53,53,53,55,55,56,55,55,56,56,56,55,55,54,55,55,54,55,53,53,53,54,54,55,55,53,53,53,53,53,53,53,53,54,55,54,54
SciFiCity_SPI,48,79,74,111,97,64,101,109,120,120,120,120,100,101,120,109,44,40,50,94,120,43,36,45,36,35,35,57,120,120,120,101,41,66,83,71,93,120,79,62,77,88,73,57,69,76,105,105,60,69,117,71,59,78,115,120,120,64,62,68,116,46,37,34,41,50,96,72,38,34,37,62,60,38,120,95,58,93,82
Memory,60,60,59,59,59,59,57,57,57,57,60,58,59,59,58,59,58,57,57,57,58,57,57,57,57,59,60,59,57,57,57,57,57,60,60,60,60,60,59,58,59,57,57,57,57,60,60,60,59,59,59,60,60,60,60,60,60,59,59,57,57,57,57,57,57,57,57,57,59,60,60,59,59,59,60,59,58,59,58,57,57,59,58,60,59,59,60,59,59,59,60,59,60,59,59,59,60,57,57,57,59,60,60,59,58,57,57,60,60,59,60,60,59,57,57,57,57,57,57,59,59,59,60,60,57,57,59,59,60,59,60,60,60,59,59,59,59,60,60,59,59,59,60,60,60,60,60,59,59,60,60,60,59,57,57,59,57,59,59,59,59,59,60
UnityChan_SPI,120,120,120,120,120,120,120,120,120,120,120,120,120,119,120,120,120,120,120,120,120,119,120,120,120,120,120,119,120,120,120,119,120,120
Memory,59,59,59,59,59,59,59,59,59,59,59,59,59,59,59,59,59,59,59,59,59,59,59,59,59,59,59,59,59,59,59,59,59,59,59,59,59,59,59,59,59,59,59,59,59,59,59,59,59,59,59,59,59,59,59,59,59,59,59,59,59,59,59,59,59,59,59,59,59,59,59,59,59,59,59,59,59,59,59,59,59
