Model: samsung SM-G973U 
Bistro_YORO,51,54,55,58,60,60,60,60,60,60,60,60,60,60,59,60,60,60,60,60,60,60,60,51,56,58,51,50,51,51,53,57,58,60,60,60,60,60,60,60,55,50,54,60,60,60,60,60,60,60,60,58,55,55,53,55,55,54,52,53
Memory,54,55,56,55,55,56,54,55,53,53,53,53,53,53,53,53,53,53,53,53,53,53,53,53,53,53,53,53,53,53,53,53,53,53,53,53,53,53,53,53,53,53,53,53,53,53,53,53,53,53,53,53,53,53,53,56,55,55,55,53,53,55,55,55,55,55,55,54,55,55,56,55,55,55,54,53,53,53,53,53,53,53,53,53,53,53,53,53,53,53,55,54,54,55,55,54,53,53,53,53,53,53,53,53,53,53,53,53,53,53,53,53,53,55,55,54,55,55,54,55,56,55,55,54,55,54,56,54,55,56
Chat_YORO,60,60,60,60,60,60,60,60,60,60,60,60,60,60,60,60,60,60,60,60,60,60
Memory,72,72,72,72,72,72,72,72,72,72,72,72,72,72,72,72,72,72,72,72,72,72
Conference_YORO,59,59,60,60
Memory,62,62,62,62,62,62,62,62,62,62,62,62,62,62,62,62,62,62,62,62,62,62,62,62,62,62,62,62,62,62,62,62,62,62,62,62,62,62,62,62,62,62,62,62,62,62,62,62,62,62,62,62,62,62,62,62,62,62,62,62,62,62,62,62,62,62,62,62,62,62,62,62,62,62,62,62,62,62,62,62,62,62,62,62,62,62,62,62,62,62,62,62,62,62,62,62,62,62,62,62,62,62,62,62,62,62,62,62,62,62,62,62,62,62,62,62,62,62,62,62,62,62,62,62,62,62,62,62,62,62,62
Sponza_YORO,60,60,60,60,60,60,60,60,60,60,60,60,60,60,60,60,60,60,60,60,60,60,60,60,60,60,60,60,60,60,60,60,60,60,60
Memory,53,53,53,53,53,53,53,53,53,53,53,53,53,53,53,53,53,53,53,53,53,53,53,53,53,53,53,53,53,53,53,53,53,53,53,53,53,53,53,53,53,53,53,53,53,53,53,53,53,53,53,53,53,53,53,53,53,53,53,53,53,53,53,53,53,53,53,53,53,53,53,53,53,53,53,53,53,53,53,53,53,53,53,53,53,53,53,53,53,53,53,53,53,53,53,53,53,53,53,53,53,53,53
LostEmpire_YORO,60,60,60,60,60,60,60,60,60,60,60,60,60,60,60,60,60,60,60,60,60,60,60,60,60,60,60,60,60,60,60,60,60,60,60,60,60,60,60,60,60,60,60,60,60,60,60,60,60,60,60,60,60,60,60,60,60,60,60,60,60,60,60,60,60,60,60,60,60,60,60,60,60,60
Memory,52,52,52,52,52,52,52,52,52,52,52,52,52,52,52,52,52,52,52,52,52,52,52,52,52,52,52,52,52,52,52,52,52,52,52,52,52,52,52,52,52,52,52,52,52,52,52,52,52,52,52,52,52,52,52,52,52,52,52,52,52,52,52,52,52,52,52,52,52,52,52,52,52,52,52,52,52,52,52,52,52,52,52,52,52,52,52,52,52,52,52,52,52,52,52,52,52,52,52,52,52,52,52,52,52,52,52,52,52,52,52,52,52,52,52,52,52,52,52,52,52,52,52,52,52,52,52,52,52,52,52,52,52,52,52,52,52,52,52,52,52,52,52,52,52,52,52,52,52,52,52,52,52,52,52,52,52,52,52,52,52,52,52,52,52,52
Prototype_YORO,60,60,60,60,60,60,60,60,60,60,60,60,60,60,60,60,58,60,60,60,60,60,60,60,60,60,60,60,60,60,60,60,60,60,60,60
Memory,58,58,58,58,58,58,58,58,58,58,58,58,58,58,58,58,58,58,58,58,58,58,58,58,58,58,58,58,58,58,58,58,58,58,58,58,58,58,58,58,58,58,58,58,58,58,58,58,58,58,58,58,58,58,58,58,58,58,58,58,58,58,58,58,58,58,58,58,58,58,58,58,58,58,58,58,58,58,58,58,58,58,58,58,58,58,58,58,58,58,58,58,58,58,58,58,58,58,58,58,58,58,58,58,58,58,58,58,58,58,58,58,58,58,58,58,58,58,58,58,58,58,58,58,58,58,58,58,58,58,58,58,58,58,58,58,58,58,58,58,58,58,58,58,58,58,58,58,58,58,58,58,58,58,58,58,58,58,58,58,58,58,58,58,58,58
SciFiCity_YORO,55,59,60,60,60,60,59,60,60,60,60,60,60,60,60,59,57,59,60,60,54,47,60,60,60,55,58,60,60,59,60,60,60,60,60,60,60,60,60,60,60,60,60,60,60,60,60,60,60,60,60,60,60,60,60,60,60,60,60,59,59,60,60,60,60,60,54,58,60,60,53,54,60,60,58,60,60
Memory,64,65,63,63,63,63,63,63,63,63,63,63,63,63,63,63,63,63,63,63,63,63,63,63,63,63,63,63,63,63,63,63,63,63,63,63,65,65,65,63,63,63,63,63,63,63,64,67,66,65,65,65,65,65,65,66,66,66,65,65,65,65,65,65,65,65,65,65,65,65,65,66,65,65,65,65,65,65,65,65,65,65,65,65,65,65,65,65,65,65,65,65,65,65,65,65,65,65,65,65,65,65,65,65,65,65,65,65,65,66,65,65,65,65,65,65,65,65,65,65,65,65,65,65,65,65,65,65,65,65,65,66,66,65,65,65,65,65,65,65,65,65,65,65,67,66,66,65,65,65,65,65,67,66,66,65,65,65,65,65,67,65,65,65,65,65
UnityChan_YORO,60,60,60,60,60,60,60
Memory,65,65,65,65,65,65,65,65,65,65,65,65,65,65,65,65,65,65,65,65,65,65,65,65,65,65,65,65,65,65,65,65,65,65,65,65,65,65,65,65,65,65,65,65,65,65,65,65,65,65,65,65,65,65,65,65,65,65,65,65,65,65,65,65,65,65,65,65,65,65,65,65,65,65,65,65,65,65,65,65,65,65
Bistro_Fink,36,38,39,43,44,48,50,50,50,49,51,51,56,58,59,54,53,55,58,60,60,60,39,26,30,28,28,29,30,35,34,36,42,48,49,48,50,50,58,52,30,30,38,41,43,45,49,50,55,58,56,32,26,26,28,34,36,30,32
Memory,61,60,61,62,62,60,62,60,61,60,62,61,60,62,61,60,60,60,60,60,60,60,60,60,60,60,60,60,60,60,60,60,60,60,60,60,60,60,60,60,60,60,60,60,60,60,60,60,60,60,60,60,60,60,61,62,62,62,62,61,61,62,61,62,62,61,61,61,61,62,61,62,62,61,60,60,60,60,60,61,60,60,61,60,60,60,60,60,60,62,61,62,61,61,61,61,60,62,60,62,60,60,60,60,60,60,60,60,60,60,60,60,61,62,62,61,60,62,61,62,62,61,62,60,62,62,61,61
Chat_Fink,60,60,60,60,60,60,60,60,60,60,60,60,60,60,60,60,60,60,60,60,60,60
Memory,76,76,76,76,76,76,76,76,76,76,76,76,76,76,76,76,76,76,76,76,76,76
Conference_Fink,59,59,59,60
Memory,66,66,66,66,66,66,66,66,66,66,66,66,66,66,66,66,66,66,66,66,66,66,66,66,66,66,66,66,66,66,66,66,66,66,66,66,66,68,66,66,66,66,66,66,66,66,66,66,66,66,66,66,66,66,66,66,66,66,66,66,66,66,66,66,66,66,66,66,66,66,66,66,66,66,66,66,66,66,68,66,66,66,66,66,66,66,66,66,66,66,66,66,66,66,66,66,66,66,66,66,66,66,66,66,66,66,66,66,66,66,66,66,66,66,66,66,66,66,66,66,66,66,66,66,66,66,66,66,66,66,66
Sponza_Fink,51,51,55,58,57,56,56,56,57,56,58,58,57,58,58,58,60,53,54,56,60,57,54,56,57,59,60,55,53,50,51,54,57,60,55
Memory,58,57,59,57,57,58,57,57,57,57,57,57,57,57,57,57,57,57,57,57,57,59,57,57,58,57,57,57,58,57,57,58,57,57,57,57,58,58,57,57,57,57,57,57,57,57,57,57,57,58,59,57,57,57,58,57,57,57,57,57,57,57,57,57,57,57,58,59,59,59,57,58,58,58,57,57,57,57,57,57,57,57,57,58,58,58,59,58,57,59,58,59,59,57,57,59,57,57,57,57,57,58,58
LostEmpire_Fink,60,60,60,60,60,60,60,60,60,60,60,60,60,60,59,56,60,60,60,60,59,59,60,60,59,60,60,60,60,60,60,58,57,60,60,59,60,60,58,60,60,58,60,60,60,59,60,59,59,59,56,59,60,60,59,59,59,60,58,58,57,59,60,59,59,60,58,56,57,56,57,60,59,58
Memory,56,56,56,56,56,56,56,56,56,56,56,56,56,56,56,56,56,56,56,56,56,56,56,56,56,56,56,56,56,56,56,56,56,56,56,56,56,56,56,56,56,56,56,56,56,56,56,56,56,56,56,56,56,56,56,56,57,56,56,56,56,56,56,56,56,57,56,56,56,56,56,56,56,56,56,56,56,56,56,56,56,56,56,56,56,56,56,57,56,56,56,56,56,57,56,56,56,56,57,56,58,56,56,56,56,56,56,56,56,56,56,56,56,58,56,56,57,57,57,56,56,56,56,56,56,57,56,56,56,56,56,56,58,56,56,56,56,56,57,56,56,56,56,56,56,56,57,56,56,56,56,56,57,56,56,58,56,56,56,56,56,56,57,57,58,56
Prototype_Fink,60,59,60,58,54,54,56,58,59,60,60,58,59,59,51,55,60,59,60,60,60,60,60,59,58,51,53,54,58,58,60,60,59,60,60,59
Memory,61,61,61,61,61,61,61,61,61,61,61,61,61,61,61,61,61,61,61,61,61,62,62,62,62,61,61,61,61,61,61,61,61,61,61,61,61,61,61,61,61,61,61,61,61,61,61,61,61,61,61,61,61,61,61,61,61,61,61,61,61,61,61,61,61,61,61,61,61,61,61,61,61,61,61,61,61,61,61,61,61,61,61,62,61,61,61,61,61,61,61,61,61,61,61,61,61,61,61,61,61,61,61,61,61,61,61,61,61,61,61,61,61,61,61,61,61,61,61,61,61,61,61,61,61,61,61,61,61,61,61,61,61,61,61,61,61,61,61,63,61,61,61,61,61,61,61,61,61,61,62,61,61,61,61,61,61,61,61,61,61,61,61,61,61,61
SciFiCity_Fink,39,53,51,57,55,44,50,54,59,57,60,52,58,59,49,28,28,41,56,59,37,21,33,29,26,23,33,54,47,28,45,53,54,51,56,41,43,48,51,48,47,55,45,54,49,44,47,57,39,35,45,53,57,59,42,50,47,54,32,26,30,33,41,54,46,26,22,31,41,34,27,59,54,43,56,54
Memory,67,67,65,65,65,65,65,65,65,65,66,66,66,65,65,65,65,65,65,65,65,65,65,65,65,65,66,66,65,65,65,65,65,65,67,67,67,66,67,66,67,65,65,65,65,67,68,66,67,67,66,66,67,67,67,67,67,66,65,65,65,65,65,65,65,65,65,65,66,67,66,66,65,65,65,66,65,65,65,65,65,65,66,65,65,67,65,65,65,66,66,67,67,65,65,65,66,65,65,65,65,65,66,66,67,65,65,66,67,66,65,65,67,65,65,65,65,65,65,66,66,65,66,67,65,65,65,65,66,67,67,67,66,66,66,65,67,65,65,65,66,67,67,66,67,67,65,65,65,65,66,68,66,65,65,65,65,65,67,67,65,65,65,65
UnityChan_Fink,60,60,60,60,53,55,59
Memory,65,65,65,65,65,65,65,65,65,65,65,65,65,65,65,65,65,65,65,65,65,65,65,65,65,65,65,65,65,65,65,65,65,65,65,65,65,65,65,65,65,65,65,65,65,65,65,65,65,65,65,65,65,65,65,65,65,65,65,65,65,65,65,65,65,65,65,65,65,65,65,65,65,65,65,65,65,65,65,65,65,65
Bistro_Conventional,36,36,37,40,44,46,48,50,51,49,49,51,52,57,60,60,59,56,57,60,60,60,46,34,41,40,35,34,34,34,35,38,40,43,45,46,48,51,58,58,34,32,38,44,43,46,48,53,57,59,60,39,38,37,36,36,38,35,34
Memory,62,62,62,62,62,61,62,62,63,62,62,61,61,61,61,61,61,61,62,62,62,62,62,61,61,62,60,60,60,60,60,60,60,60,60,60,60,61,60,60,62,62,60,60,61,60,60,60,60,60,60,60,60,60,62,62,62,62,62,62,62,61,61,62,61,63,61,62,61,61,62,62,61,61,61,62,61,62,61,62,60,61,61,61,60,62,60,60,60,63,62,62,62,63,62,61,62,61,61,62,61,61,61,62,61,61,60,61,60,60,60,60,61,61,61,62,61,62,63,63,63,63,61,61,63,63,62,63,62
Chat_Conventional,60,60,60,60,60,60,60,60,60,60,60,60,60,60,60,60,60,60,60,60,60,60
Memory,76,76,76,76,76,76,76,76,76,76,76,76,76,76,76,76,76,76,76,76,76,76
Conference_Conventional,60,60,60,60
Memory,66,66,66,66,66,66,66,66,66,66,66,66,66,66,66,66,66,66,66,66,66,66,66,66,66,66,66,66,66,66,66,66,66,66,66,66,66,66,66,66,66,66,66,66,66,66,66,66,66,66,66,66,66,67,67,67,67,67,67,67,67,67,67,67,67,67,67,67,67,67,67,67,67,67,67,67,67,67,67,67,67,67,67,67,67,67,67,67,67,67,67,67,67,67,67,67,67,67,67,67,67,67,67,67,67,67,67,67,67,67,67,67,67,67,67,67,67,67,67,67,67,67,67,67,67,67,67,67,67,67,67
Sponza_Conventional,56,58,59,60,60,60,60,60,60,60,60,60,60,60,60,60,60,60,60,60,60,60,60,60,60,60,60,60,60,60,60,60,60,60,60
Memory,58,57,58,59,57,57,57,57,57,57,57,57,57,57,57,57,57,57,57,57,57,57,57,57,57,57,57,57,58,57,57,57,57,57,57,57,57,57,57,57,57,57,57,57,57,57,57,57,57,57,57,57,57,57,57,57,57,57,57,57,57,57,57,57,57,59,57,58,57,58,58,59,57,57,57,57,57,57,57,57,57,57,57,57,59,58,57,59,57,57,57,57,58,59,57,57,57,57,57,57,59,58,58
LostEmpire_Conventional,60,60,60,60,60,60,60,60,60,60,60,60,60,60,60,58,60,60,60,60,60,60,60,60,60,60,60,60,60,60,60,60,59,60,60,60,60,60,60,60,60,59,58,60,60,60,60,60,60,60,60,60,60,60,60,60,60,60,60,60,60,60,60,60,60,60,60,60,59,60,60,60,60,60
Memory,56,56,56,56,56,56,56,56,56,56,56,56,56,56,56,56,56,56,56,56,56,56,56,56,56,56,56,56,56,56,56,56,56,56,56,56,56,56,56,56,56,56,56,56,56,58,56,56,56,56,56,56,56,56,56,56,56,56,56,56,56,56,56,56,56,56,56,56,56,56,56,56,56,56,56,56,56,56,56,56,56,56,58,56,58,56,58,56,56,56,56,56,56,56,56,56,56,56,56,56,57,58,56,56,56,56,56,56,56,56,56,56,56,56,56,56,56,56,56,56,56,56,56,56,56,56,56,56,56,56,56,56,56,56,56,56,56,56,56,56,56,56,56,56,56,56,56,56,56,56,56,56,58,56,56,56,56,56,56,56,58,56,56,56,56,56
Prototype_Conventional,60,60,60,60,60,60,60,60,60,60,60,60,60,60,59,57,60,60,60,60,60,60,60,60,57,58,57,59,59,59,60,60,59,60,60,60
Memory,61,61,61,61,61,61,61,61,61,61,61,61,61,61,61,61,61,61,61,61,61,61,61,61,61,61,61,61,61,61,61,61,61,61,61,61,61,61,61,61,61,61,61,61,61,61,61,61,61,61,61,61,61,61,61,61,61,61,61,61,61,61,61,61,61,61,61,61,61,61,61,61,61,61,61,61,61,61,61,61,61,61,61,61,63,62,62,61,61,61,61,61,61,61,61,61,61,61,61,61,61,61,61,61,61,61,61,61,61,61,61,61,61,61,61,61,61,61,61,61,61,61,61,61,61,61,61,61,61,61,61,61,61,63,61,62,62,62,61,61,61,62,61,61,61,61,61,61,61,61,61,61,61,61,61,61,62,61,61,61,61,61,61,61,61,61
SciFiCity_Conventional,39,52,51,56,57,48,54,54,59,56,58,57,57,59,54,34,35,51,53,59,36,28,49,45,39,32,44,60,52,38,56,52,49,54,59,51,49,50,49,45,43,49,46,53,48,42,41,54,40,42,48,52,56,57,40,47,45,55,39,30,35,39,42,52,50,29,24,42,51,48,19,57,48,42,47,49
Memory,67,67,66,66,67,66,67,65,65,65,67,67,67,66,66,66,66,66,65,65,65,65,65,65,65,65,67,65,67,66,67,65,65,65,67,67,67,67,67,67,67,67,67,65,65,66,66,67,67,67,67,66,67,67,67,67,67,66,65,65,65,65,65,65,65,65,65,65,65,67,67,67,66,67,66,66,67,66,67,65,65,65,67,68,67,67,67,67,66,66,66,66,67,66,66,65,66,65,66,65,65,67,66,66,66,67,65,65,67,67,67,67,66,66,67,67,65,66,65,66,66,66,66,66,67,66,66,67,66,66,66,66,66,67,67,66,66,67,65,66,65,65,67,67,67,67,66,65,66,66,67,67,68,66,65,67,67,66,67,67,66,65,66,67,66
UnityChan_Conventional,57,58,58,58,60,60,60
Memory,65,65,65,65,65,65,65,65,65,65,65,65,65,65,66,66,65,65,65,65,65,65,65,65,65,65,65,65,65,65,65,65,65,65,65,65,65,67,66,67,65,65,66,67,65,65,65,65,65,65,65,65,65,65,65,65,65,65,65,65,65,65,65,65,65,65,65,65,65,65,65,65,65,65,65,65,65,65,65,65,65,65
Bistro_SPI,9,11,14,17,19,22,25,29,30,30,35,43,52,60,60,59,57,57,60,53,23,12,11,10,10,10,10,10,10,10,12,13,15,17,21,31,42,41,10,10,11,15,17,22,30,42,56,60,23,10,10,10,10,12,12,13
Memory,50,51,52,50,52,51,50,50,50,50,51,51,50,51,51,51,51,50,51,49,51,51,50,50,49,49,49,49,49,49,49,49,49,49,49,49,49,49,49,49,49,49,49,49,49,49,49,49,51,51,51,51,49,52,53,51,52,51,52,52,52,51,51,52,52,52,51,53,51,52,51,51,50,51,50,51,49,50,51,50,50,49,50,49,49,51,51,50,51,51,51,50,51,50,50,50,50,49,50,50,51,49,49,49,49,49,52,51,52,52,52,50,51,51,51,51,50,50,50,50,52,51
Chat_SPI,60,60,60,60,60,60,60,60,60,60,60,60,60,60,60,60,60,60,60,60,60,60
Memory,68,68,68,68,68,68,68,68,68,68,68,68,68,68,68,68,68,68,68,68,68
Conference_SPI,60,60
Memory,58,58,58,58,58,58,58,58,58,58,58,58,58,58,58,58,58,58,58,58,58,58,58,58,58,58,58,58,58,58,58,58,58,58,58,58,58,58,58,58,58,58,58,58,58,58,58,58,58,58,58,58,58,58,58,58,58,58,58,58,58,58,58,58,58,58,58,58,58,58,58,58,58,58,58,58,58,58,58,58,58,58,58,58,58,58,58,58,58,58,58,58,58,58,58,58,58,58,58,58,58,58,58,58,58,58,58,58,58,58,58,58,58,58,58,58,58,58,58,58,58,58,58,58,58,58,58,58
Sponza_SPI,32,37,43,52,60,59,59,60,60,41,57,55,56,56,59,60,46,36,40,48,49,37,39,47,58,59,42,37,37,36,39,47,59,42
Memory,51,51,50,51,51,50,50,49,49,49,49,49,49,49,49,49,49,49,49,51,51,50,50,50,49,49,49,51,50,49,49,49,49,49,49,49,49,49,49,49,49,49,49,49,49,49,49,49,50,50,50,49,51,49,50,49,49,49,49,49,49,49,49,49,49,50,49,51,49,50,51,50,50,50,49,49,49,49,49,49,49,50,49,51,50,51,49,49,50,50,50,50,51,50,49,49,49,49,49,50,50
LostEmpire_SPI,18,25,50,47,29,21,27,29,38,37,46,55,45,19,16,17,23,39,43,33,44,46,34,33,42,44,32,29,31,29,18,18,20,21,34,39,28,20,33,42,19,18,22,31,39,49,56,58,30,29,60,58,52,47,51,44,24,19,31,47,46,48,22,35,31,30,40,40,44,31,22,22
Memory,48,48,49,48,48,48,48,48,48,48,48,48,48,48,49,48,48,48,50,48,48,48,48,48,48,48,48,48,48,48,48,48,48,48,48,48,48,48,48,48,48,49,48,49,49,50,49,48,50,50,48,48,48,48,48,50,48,48,48,48,48,48,48,50,48,48,48,48,48,48,48,49,50,48,48,49,48,49,50,48,50,49,48,49,48,49,48,48,48,50,48,49,50,50,48,48,50,49,48,49,50,48,48,48,50,48,48,48,48,48,48,48,48,48,50,49,48,48,48,48,48,48,48,48,48,48,48,48,48,48,48,50,49,48,48,50,48,48,48,48,48,50,49,48,48,48,48,49,48,48,48,48,48,48,48,50,48,49,48,48,50
Prototype_SPI,52,58,52,45,43,42,46,55,57,54,45,47,49,39,39,51,57,40,40,41,45,50,50,35,38,37,40,41,49,59,50,51,60,53
Memory,55,55,55,53,53,53,53,53,53,53,53,53,53,53,53,53,53,55,55,54,55,55,55,56,55,55,56,55,54,53,53,53,53,53,53,53,53,53,53,53,53,53,53,53,53,53,53,53,53,53,56,55,53,53,53,53,53,53,53,53,53,53,53,53,53,53,53,53,53,53,53,53,53,53,53,56,55,55,54,55,54,56,54,55,55,55,56,53,53,53,53,53,53,53,53,53,53,53,53,53,55,55,55,55,56,56,55,56,55,56,55,55,53,53,53,53,53,53,53,53,55,53,53,53,53,53,53,53,53,55,55,56,55,55,56,55,56,55,55,55,55,54,53,53,53,53,53,55,54,55,54,53,53,53,53,53,53,53,53,53,56,55,54
SciFiCity_SPI,37,56,54,60,54,49,60,60,60,60,60,59,60,60,45,32,33,56,60,59,30,31,34,28,28,28,49,60,33,41,59,49,60,60,54,45,50,60,55,43,48,57,52,60,45,48,60,47,41,53,60,60,60,46,46,44,60,39,29,26,29,37,55,52,32,28,29,43,48,30,59,57,43,54,57
Memory,59,59,58,58,59,59,58,58,58,58,59,60,59,58,58,58,58,58,58,58,58,58,58,58,58,58,59,58,58,58,58,58,58,60,59,59,59,59,60,58,58,58,58,58,60,60,60,60,59,60,60,60,60,60,60,60,60,59,58,58,58,58,58,58,58,58,58,58,60,60,60,59,58,59,60,59,58,58,58,58,59,59,60,59,60,58,58,59,59,59,60,60,60,59,60,61,58,58,58,58,59,58,60,59,58,58,60,59,60,58,59,59,58,58,58,58,58,58,60,58,59,60,60,59,58,58,60,60,59,60,60,60,59,59,59,59,58,58,58,59,59,60,60,60,60,59,58,59,59,60,60,60,58,58,60,58,60,59,58,58,60,58,58
UnityChan_SPI,60,60,60,60,60,60
Memory,59,59,59,59,59,59,59,59,59,59,59,59,59,59,59,59,59,59,59,59,59,59,59,59,59,59,59,59,59,59,59,59,59,59,59,59,59,59,59,59,59,59,59,59,59,59,59,59,59,59,59,59,59,59,59,59,59,59,59,59,59,59,59,59,59,59,59,59,59,59,59,59,59,59,59,59,59,59,59,59
