Model: samsung SM-G991U1 
Bistro_YORO,104,110,111,114,120,120,120,120,120,120,120,120,120,120,120,120,120,120,120,119,119,120,120,120,120,120,120,99,64,78,74,65,62,72,76,91,98,114,120,120,118,120,120,119,120,79,60,69,98,109,113,118,119,115,111,120,99,82,74,62,63,73,78,70,73
Memory,68.29976,68.29976,68.29976,68.29976,68.30008,68.30035,68.30035,68.30035,68.30035,68.30035,68.30063,68.30063,68.30063,68.30063,68.30063,68.30086,68.30086,68.30086,68.30086,68.30086,68.30086,68.30116,68.30116,68.30116,68.30116,68.30116,68.30144,68.30176,68.30176,68.30566,68.30576,68.30576,68.30576,68.30576,68.30603,68.30603,68.30603,68.30603,68.30609,68.30609,68.30637,68.30637,68.30637,68.30637,68.30637,68.30637,68.3067,68.3067,68.3067,68.3067,68.3067,68.3067,68.30698,68.30698,68.30698,68.30698,68.30698,68.30698,68.30698,68.30725,68.30725,68.30725,68.30725,68.30725,68.30725
Chat_YORO,120,120,120,119,120,120,120,120,119,119,120
Memory,86.64702,86.6493,86.64868,86.64868,86.64868,86.64991,86.64991,86.64929,86.64949,86.65063,86.65063
Conference_YORO,119,119,120,119,119,119,120,119,120,119,119,119,119,120,120,119,119,120,120,119,120,119,120,119,120,119,120,119,120,119,120,119,118,120,120,120,118,119,120,119,120,120,119,120,119,120,119,119,120,119,120,120,119,119,120,120,119,119,119,120,119,119,119,119,120
Memory,76.93218,76.93218,76.93218,76.93246,76.93284,76.93284,76.93284,76.93284,76.93311,76.93311,76.93702,76.94093,76.94093,76.94132,76.94132,76.94132,76.94132,76.94132,76.94132,76.9455,76.94941,76.94941,76.94941,76.94941,76.94968,76.94968,76.94968,76.94968,76.94968,76.94968,76.94996,76.94996,76.94996,76.94996,76.94996,76.95028,76.95033,76.95033,76.95033,76.95033,76.9506,76.9506,76.9506,76.9506,76.9506,76.9506,76.95087,76.95087,76.95087,76.95087,76.95087,76.95115,76.95115,76.95115,76.95115,76.95115,76.95142,76.95142,76.95142,76.95142,76.95142,76.95142,76.9517,76.9517,76.9517
Sponza_YORO,118,119,119,120,119,120,120,119,120,119,120,119,120,119,120,120,119,120,119,120,120,120,119,120,119,119,120,118,119,120,120,119,120,119,120,120,118,120,119,120,120,120,119,119,119,119,120,119,119,120,120
Memory,67.72081,67.72092,67.72092,67.72092,67.72092,67.72119,67.72119,67.72119,67.72119,67.72119,67.72147,67.72147,67.72147,67.72147,67.72147,67.72174,67.72174,67.72174,67.72174,67.72174,67.72174,67.72202,67.72202,67.72202,67.72202,67.72202,67.72229,67.72229,67.72229,67.72229,67.72229,67.72281,67.72281,67.72281,67.72281,67.72281,67.72281,67.72308,67.72308,67.72308,67.72308,67.72311,67.72336,67.72336,67.72336,67.72336,67.72336,67.72083,67.7211,67.7211,67.7211
LostEmpire_YORO,119,119,120,120,120,120,120,120,119,120,119,120,119,120,120,120,119,120,119,120,120,119,120,119,120,119,120,119,120,120,120,119,119,120,120,120,120,119,119,119,120,120,119,120,120,120,119,120,120,119,120,119,120,119,120,120,119,119,120,119,120,120,119,120,120,120,120,118,120,120,119,120,120,120,120,119,119,120,120,120,119,120,120
Memory,66.909,66.909,66.909,66.909,66.90927,66.90927,66.90927,66.90927,66.90927,66.90927,66.90955,66.90955,66.90955,66.90955,66.90955,66.90982,66.90982,66.90982,66.90982,66.90982,66.9101,66.90779,66.91072,66.91072,66.91072,66.91072,66.911,66.911,66.911,66.911,66.911,66.91127,66.91127,66.91127,66.91127,66.91127,66.91154,66.91154,66.91154,66.91154,66.91154,66.91154,66.91182,66.91182,66.91182,66.91182,66.91182,66.91209,66.91209,66.91209,66.91209,66.91209,66.91237,66.91237,66.91237,66.91237,66.91237,66.91237,66.91264,66.91264,66.91264,66.91264,66.91264,66.91292,66.91292,66.91292,66.91292,66.91292,66.91319,66.91319,66.91319,66.91319,66.91319,66.91319,66.91347,66.91347,66.91347,66.91347,66.91347,66.91374,66.91374,66.91374,66.91374
Prototype_YORO,120,119,119,119,119,119,119,120,119,119,119,119,120,120,119,119,120,118,120,120,119,120,119,119,118,119,119,120,119,120,119,119,119,119,119,120,118,119,119,119,120,119,120,120,119,119,119,119,120,119,120,118,120,119,120,120,120,119,120,119,120,119,119,120,119,115,120,119,120,120,120,120,119,119,119,119,120,119,120,119,120,118,120
Memory,73.11188,73.11255,73.11255,73.11255,73.11305,73.11337,73.11337,73.11337,73.11337,73.11337,73.1059,73.1059,73.10594,73.10594,73.10594,73.10622,73.10622,73.10622,73.10622,73.10622,73.10622,73.10649,73.10649,73.10649,73.10649,73.10649,73.10677,73.10677,73.10677,73.10677,73.10677,73.10704,73.10704,73.10704,73.10704,73.10704,73.10704,73.10732,73.11127,73.11517,73.11517,73.11517,73.11549,73.11549,73.11549,73.11549,73.11549,73.11549,73.11577,73.11577,73.11577,73.11577,73.11577,73.11604,73.11604,73.11604,73.11604,73.11604,73.11632,73.11632,73.11632,73.11632,73.11632,73.11632,73.11708,73.11708,73.11708,73.11708,73.11708,73.11736,73.11736,73.11736,73.11736,73.11736,73.11763,73.11763,73.11763,73.11763,73.11763,73.11763,73.1179,73.1179,73.1179
SciFiCity_YORO,95,119,119,119,120,116,119,120,119,119,119,120,119,120,120,119,120,98,79,88,119,120,118,66,90,117,107,99,90,115,120,119,120,119,110,82,113,120,118,119,119,119,113,114,120,119,116,117,117,108,120,107,106,120,105,98,117,119,120,119,105,119,113,119,116,104,98,114,119,120,119,110,76,97,120,120,82,91,119,118,94,119,120
Memory,77.73731,77.74179,77.74179,77.74574,77.74574,77.74635,77.74635,77.74635,77.74635,77.74635,77.74635,77.74663,77.74663,77.74663,77.74663,77.74663,77.7469,77.74699,77.74446,77.74451,77.74451,77.74451,77.74478,79.74684,79.74698,79.74707,79.74707,79.74712,79.74721,79.74748,79.74748,79.74748,79.74748,79.74837,79.74864,79.74869,79.74869,79.74873,79.74873,79.74873,79.74901,79.74905,79.74905,79.74905,79.74905,79.74905,79.74933,79.74933,79.74937,79.74937,79.74937,79.74965,79.74965,79.74965,79.74965,79.74965,79.74969,79.74997,79.74997,79.74997,79.74997,79.74997,79.74997,79.75024,79.75024,79.75029,79.75034,79.75034,79.75061,79.75061,79.75061,79.75061,79.75061,79.75061,79.75089,79.75089,79.75089,79.75089,79.75089,79.75089,79.75116,79.75116,79.75116
UnityChan_YORO,119,120,120,120,120,120,120,119,120,120,120,120,120,119,120,120,119,120,120,120,120,119,119,120,120,120,120,119,120,119,120,120,119,120,120,120,120,120,119,120,120
Memory,80.17372,80.1655,80.17378,80.17378,80.16571,80.1739,80.17422,80.17393,80.24077,80.24077,80.24077,80.24104,80.24104,80.23305,80.24129,80.24133,80.23323,80.2417,80.2417,80.2417,80.2417,80.2417,80.23387,80.24207,80.24207,80.23396,80.2422,80.24248,80.23454,80.24274,80.24274,80.23463,80.24283,80.2431,80.235,80.24319,80.24362,80.23509,80.24356,80.24356,80.23546
Bistro_Median,106,114,116,118,119,119,119,120,120,120,120,119,120,120,120,120,119,120,120,119,120,120,120,119,120,120,120,103,69,87,82,73,68,69,74,86,113,120,120,120,120,119,120,120,120,90,77,83,117,120,120,119,120,120,119,120,99,76,76,75,77,92,100,85,95
Memory,75.10394,75.10422,75.10422,75.10422,75.10422,75.10422,75.10449,75.10449,75.10449,75.10449,75.10449,75.10477,75.10477,75.10477,75.10477,75.10477,75.10477,75.10504,75.10504,75.10504,75.10504,75.10504,75.10532,75.10532,75.10532,75.10532,75.10532,75.10532,75.10559,75.10559,75.10559,75.10559,75.10559,75.10559,75.10559,75.10559,75.10587,75.10587,75.10587,75.10587,75.10587,75.10614,75.10614,75.10614,75.10614,75.10614,75.10614,75.10641,75.10641,75.10641,75.10641,75.10641,75.10641,75.10669,75.10669,75.10669,75.10669,75.10669,75.10669,75.10696,75.10696,75.10696,75.10696,75.10696,75.10696
Chat_Median,120,120,119,120,119,119,119,120,119,120,120
Memory,91.0971,91.09737,91.09676,91.09676,91.09704,91.09798,91.09798,91.09737,91.09757,91.0987,91.09898
Conference_Median,119,119,119,119,119,119,119,119,119,119,120,119,119,119,120,120,119,120,120,120,119,120,120,119,119,120,120,120,107,112,120,120,100,60,60,60,60,60,61,60,61,61,60,60,60,60,60,60,60,60,61,61,60,60,61,61,61,61,111,119,120,120,120,119,120
Memory,81.38617,81.38617,81.38644,81.38644,81.38644,81.38644,81.38644,81.38672,81.37917,81.37917,81.38308,81.38699,81.38699,81.38726,81.38726,81.38726,81.38726,81.38726,81.38754,81.3915,81.39541,81.39541,81.39541,81.39568,81.39568,81.39568,81.39568,81.39315,81.39315,81.39342,81.39342,81.39342,81.39342,81.39342,81.39342,81.39342,81.3937,81.3937,81.3937,81.3937,81.3937,81.3937,81.3937,81.3937,81.3937,81.3937,81.3937,81.39397,81.39397,81.39397,81.39397,81.394,81.39397,81.39397,81.39397,81.39397,81.39397,81.39397,81.39425,81.39425,81.39425,81.39425,81.39425,81.39452,81.39452
Sponza_Median,119,119,119,120,120,120,119,120,118,119,119,119,120,119,119,120,119,120,120,120,119,120,120,119,119,120,120,119,120,120,120,119,120,119,119,119,120,120,120,119,120,119,119,120,119,120,120,119,120,119,120
Memory,72.15985,72.16013,72.16013,72.16013,72.16013,72.16013,72.1604,72.1604,72.1604,72.1604,72.1604,72.16068,72.16068,72.16068,72.16068,72.16068,72.16068,72.16095,72.16095,72.16095,72.16095,72.16095,72.16122,72.16122,72.16122,72.16122,72.16122,72.16122,72.1615,72.1615,72.1615,72.1615,72.1615,72.16177,72.16177,72.16177,72.16177,72.16177,72.16205,72.16205,72.16205,72.16205,72.16205,72.16205,72.16232,72.16232,72.16232,72.16232,72.16232,72.1626,72.1626
LostEmpire_Median,120,120,119,120,120,119,120,120,118,120,119,120,120,120,119,120,119,120,119,120,120,119,119,120,120,120,120,119,120,120,120,120,119,120,120,119,120,120,119,120,120,120,119,119,120,120,119,119,120,119,119,120,119,119,120,120,120,119,120,118,120,119,120,119,120,120,119,119,120,119,120,120,119,120,120,119,119,120,119,120,120,120,119
Memory,71.34767,71.34767,71.34767,71.34767,71.34767,71.34767,71.34795,71.34795,71.34795,71.34795,71.34795,71.34822,71.34822,71.34822,71.34822,71.34822,71.34947,71.34947,71.34947,71.34947,71.34947,71.34717,71.35037,71.35037,71.35037,71.35037,71.35037,71.35065,71.35065,71.35065,71.35065,71.35065,71.35092,71.35092,71.35092,71.35092,71.35092,71.35092,71.3512,71.3512,71.3512,71.3512,71.3512,71.35147,71.35147,71.35147,71.35147,71.35147,71.35175,71.35175,71.35175,71.35175,71.35175,71.35175,71.35202,71.35202,71.35202,71.35202,71.35202,71.35229,71.35229,71.35229,71.35229,71.35229,71.35229,71.35257,71.35257,71.35257,71.35257,71.35257,71.35284,71.35284,71.35284,71.35284,71.35284,71.35312,71.35312,71.35312,71.35312,71.35312,71.35312,71.35339,71.35339
Prototype_Median,119,120,118,119,120,118,119,120,119,119,119,120,119,120,120,118,120,119,120,119,120,120,119,119,119,119,119,120,118,119,119,120,119,119,119,120,119,118,119,120,120,118,120,119,119,120,119,120,119,119,118,119,120,120,120,120,119,119,120,120,119,119,120,119,120,118,120,119,120,120,120,120,119,119,118,120,119,120,119,120,118,120,119
Memory,75.72478,75.72505,75.72505,75.72505,75.72505,75.72505,75.72533,75.72533,75.72537,75.72537,75.71747,75.71774,75.71774,75.71779,75.71779,75.71779,75.71779,75.71806,75.71553,75.71553,75.71553,75.71553,75.71581,75.71581,75.71581,75.71581,75.71581,75.71608,75.71608,75.71608,75.71608,75.71608,75.71608,75.71635,75.71635,75.71635,75.71635,75.71635,75.72054,75.72444,75.72444,75.72444,75.72444,75.72444,75.72472,75.72472,75.72472,75.72472,75.72472,75.72499,75.72499,75.72499,75.72499,75.72499,75.72527,75.72527,75.72527,75.72527,75.72527,75.72527,75.72554,75.72554,75.72554,75.72554,75.72554,75.72581,75.72581,75.72581,75.72581,75.72581,75.72609,75.72609,75.72609,75.72609,75.72609,75.72609,75.72636,75.72636,75.72636,75.72636,75.72636,75.72664,75.72664
SciFiCity_Median,92,119,118,120,120,108,118,119,120,119,119,120,119,120,119,120,119,93,71,79,119,119,117,61,85,114,99,88,81,111,120,119,119,119,108,75,113,118,115,120,119,114,106,110,118,115,104,115,116,109,119,105,107,118,104,96,117,119,118,119,104,119,111,120,116,100,98,110,117,119,119,109,76,101,119,120,79,93,118,118,93,120,120
Memory,79.95557,79.95584,79.95584,79.95584,79.95584,79.95596,79.95596,79.95624,79.95624,79.95624,79.95624,79.95624,79.95651,79.95651,79.95651,79.9567,79.9567,79.9567,79.95698,79.95698,79.95698,79.95698,79.95698,79.95698,79.95698,79.95725,79.9573,79.95734,79.95734,79.95734,79.95734,79.95762,79.95762,79.95762,79.95762,79.95762,79.95762,79.95789,79.95789,79.95789,79.95789,79.95789,79.95817,79.95817,79.95817,79.95817,79.95817,79.95817,79.95844,79.95847,79.95844,79.95844,79.95844,79.95844,79.95872,79.95872,79.95872,79.95872,79.95872,79.95872,79.95899,79.95899,79.95899,79.95899,79.95899,79.95927,79.95927,79.95927,79.95927,79.95927,79.95927,79.95954,79.95954,79.95954,79.95954,79.95954,79.95954,79.95982,79.95982,79.95982,79.95982,79.95982,79.95982
UnityChan_Median,119,120,120,120,120,120,119,120,120,119,120,120,119,120,120,119,120,120,120,120,118,119,120,119,119,120,119,120,119,120,120,120,120,120,120,119,119,120,119,120,120
Memory,80.23378,80.23378,80.23378,80.23405,80.22673,80.23494,80.23499,80.23473,80.30151,80.30179,80.29376,80.30196,80.302,80.29395,80.30241,80.30241,80.29443,80.30262,80.30262,80.29484,80.30303,80.30303,80.29493,80.30312,80.30312,80.3034,80.3034,80.3034,80.29534,80.30354,80.30381,80.30381,80.30381,80.30381,80.29587,80.30434,80.30476,80.29623,80.30443,80.30443,80.29633
Bistro_Xiao,65,64,65,68,81,70,63,51,47,56,61,60,59,77,111,111,118,111,108,112,112,111,112,119,111,115,119,80,61,69,74,62,57,55,54,56,60,63,67,75,78,76,94,103,102,60,54,60,62,59,64,75,83,98,102,106,79,62,60,55,54,57,60,58
Memory,75.19566,75.19566,75.19566,75.19566,75.19566,75.19566,75.19593,75.19593,75.19593,75.19593,75.19593,75.19593,75.19596,75.19593,75.19593,75.19621,75.19621,75.19621,75.19621,75.19621,75.19621,75.19648,75.19648,75.19648,75.19648,75.19648,75.19648,75.19675,75.19675,75.19675,75.19675,75.19675,75.19675,75.19675,75.19675,75.19675,75.19675,75.19703,75.19703,75.19703,75.19703,75.19703,75.19703,75.19703,75.19703,75.1973,75.1973,75.1973,75.1973,75.1973,75.1973,75.1973,75.1973,75.1973,75.19758,75.19758,75.19758,75.19758,75.19758,75.19758,75.19758,75.19758,75.19758,75.19785
Chat_Xiao,77,74,73,95,104,73,94,120,82,49,78
Memory,91.18341,91.18341,91.1828,91.1828,91.1828,91.18396,91.18335,91.18335,91.18369,91.18449,91.18449
Conference_Xiao,103,102,72,60,60,60,59,60,60,60,60,60,60,60,60,60,60,60,60,60,60,60,90,93,94,95,103,108,113,117,120,120,103,91,89,94,93,95,93,92,95,100,95,102,97,100,105,97,102,111,116,107,101,96,95,113,117,118,120,120,117,119,119,115,91
Memory,81.46844,81.46844,81.46844,81.46844,81.46844,81.46844,81.46844,81.46844,81.46872,81.46872,81.46872,81.46872,81.46872,81.46872,81.46872,81.46872,81.46872,81.46872,81.46872,81.46899,81.46899,81.46899,81.4729,81.4729,81.47681,81.48462,81.48462,81.48489,81.48489,81.48489,81.48489,81.48489,81.48517,81.48517,81.48517,81.48517,81.48517,81.48517,81.48517,81.48544,81.48544,81.48544,81.48544,81.48544,81.48544,81.48544,81.48572,81.48572,81.48572,81.48572,81.48572,81.48572,81.48599,81.48599,81.48599,81.48599,81.48599,81.48599,81.48627,81.48627,81.48627,81.48627,81.48627,81.48654,81.48654
Sponza_Xiao,86,86,89,100,113,116,116,101,96,103,106,97,104,94,98,98,111,108,99,110,113,102,118,119,120,91,85,85,95,99,111,105,103,119,94,91,91,102,107,118,120,110,98,93,90,93,95,93,100,114,98
Memory,72.24737,72.24737,72.24764,72.24764,72.24764,72.24764,72.24764,72.24764,72.24792,72.24792,72.24792,72.24792,72.24792,72.24792,72.24805,72.24819,72.24819,72.24819,72.24819,72.24819,72.24819,72.24847,72.24847,72.24847,72.24847,72.24847,72.24847,72.24874,72.24874,72.24874,72.24874,72.24874,72.24874,72.24902,72.24902,72.24902,72.24902,72.24883,72.24883,72.24911,72.24911,72.24911,72.24911,72.24911,72.24911,72.24911,72.24938,72.24938,72.24938,72.24938,72.24938
LostEmpire_Xiao,86,93,93,88,88,98,90,81,77,75,79,92,85,86,88,81,80,81,76,93,106,119,118,113,102,114,119,119,112,115,117,119,117,111,119,111,112,115,79,85,103,109,106,93,93,97,99,97,112,116,106,93,99,108,105,115,106,110,90,87,107,109,104,106,106,96,91,97,103,120,118,119,111,112,115,110,113,98,94,99,108,90,95
Memory,71.43465,71.43465,71.43465,71.43465,71.43465,71.43492,71.43492,71.43492,71.43492,71.43492,71.43492,71.43492,71.43492,71.4352,71.4352,71.4352,71.4352,71.4352,71.4352,71.4352,71.4352,71.43317,71.43611,71.43611,71.43611,71.43611,71.43639,71.43639,71.43639,71.43639,71.43639,71.43639,71.43666,71.43666,71.43666,71.43666,71.43666,71.43694,71.43694,71.43694,71.43694,71.43694,71.43694,71.43694,71.43721,71.43721,71.43455,71.43455,71.43455,71.43455,71.43482,71.43482,71.43482,71.43482,71.43482,71.43482,71.4351,71.4351,71.4351,71.4351,71.4351,71.4351,71.4351,71.43537,71.43537,71.43537,71.43537,71.43537,71.43537,71.43565,71.43565,71.43565,71.43565,71.43565,71.43592,71.43592,71.43592,71.43592,71.43592,71.43592,71.43592,71.4362,71.4362
Prototype_Xiao,83,80,83,78,85,91,94,104,89,92,88,84,80,90,77,76,82,88,89,93,110,109,101,101,109,86,84,88,113,119,117,106,111,99,114,111,105,106,91,91,94,93,76,77,97,94,85,84,83,97,96,78,78,87,85,85,81,82,89,96,93,79,102,108,99,102,97,78,80,94,83,89,83,82,87,78,81,90,91,97,103,91
Memory,75.78587,75.78587,75.78615,75.78615,75.78615,75.78615,75.78615,75.78615,75.78615,75.78629,75.77838,75.77838,75.77838,75.77838,75.77838,75.77838,75.77838,75.77866,75.77866,75.77866,75.77866,75.77866,75.77866,75.77866,75.77893,75.77893,75.77893,75.77893,75.77893,75.77893,75.77921,75.77921,75.77921,75.77921,75.77921,75.77921,75.77948,75.77948,75.77948,75.77948,75.77948,75.78339,75.78339,75.78757,75.78757,75.78757,75.78757,75.78757,75.78757,75.78757,75.78784,75.78784,75.78787,75.78784,75.78784,75.78784,75.78784,75.78784,75.78812,75.78812,75.78812,75.78812,75.78812,75.78812,75.78839,75.78839,75.78839,75.78839,75.78839,75.78839,75.78839,75.78839,75.78867,75.78867,75.78867,75.78867,75.78867,75.78867,75.78867,75.78894,75.78894,75.78894
SciFiCity_Xiao,70,91,85,89,118,83,91,95,104,116,106,107,112,103,109,113,112,92,78,79,102,105,116,71,100,119,107,104,90,117,120,120,120,120,110,84,98,108,91,108,112,93,87,93,98,93,93,90,103,104,92,78,85,89,95,80,102,110,108,116,92,106,106,100,117,111,104,97,83,109,120,115,91,110,120,120,86,84,66,70,65,74,64
Memory,80.01534,80.01561,80.01561,80.01561,80.01561,80.01573,80.01573,80.01573,80.01601,80.01601,80.01601,80.01601,80.01601,80.01601,80.01628,80.01628,80.01628,80.01628,80.01628,80.01628,80.01656,80.01656,80.01656,80.01656,80.01656,80.01656,80.01683,80.01683,80.01683,80.01683,80.01683,80.01683,80.01711,80.01711,80.01711,80.01711,80.01711,80.01711,80.01738,80.01738,80.01738,80.01738,80.01738,80.01738,80.01738,80.01765,80.01765,80.01765,80.01765,80.01765,80.01765,80.01765,80.01793,80.01793,80.01793,80.01793,80.01793,80.01793,80.0182,80.0182,80.0182,80.0182,80.0182,80.0182,80.01848,80.01848,80.01848,80.01848,80.01848,80.01848,80.01848,80.01875,80.01875,80.01875,80.01875,80.01875,80.01875,80.01903,80.01903,80.01903,80.01903,80.01903,80.01903
UnityChan_Xiao,48,49,50,52,52,52,51,53,51,49,48,48,45,49,44,48,45,47,48,49,53,51,53,52,53,49,48,48,51,54,61,58,51,52,52,54,59,67,67,57
Memory,80.29233,80.28529,80.29347,80.29347,80.29359,80.29359,80.29359,80.29359,80.29359,80.29359,80.28597,80.29372,80.29372,80.29372,80.29399,80.29399,80.29399,80.29399,80.29399,80.3019,80.31752,80.31752,80.31752,80.3531,80.3531,80.34512,80.35286,80.36095,80.35284,80.36104,80.36104,80.35294,80.36113,80.36113,80.36122,80.36122,80.36165,80.35335,80.36182,80.36182
Bistro_Telea,9,9,8,9,12,7,5,3,3,4,3,3,3,9,8,14,13,12,14,15,15,14,14,13,12,15,8,7,6,9,8,8,7,5,5,6,7,8,9,7,11,13,12,7,5,7,4,5,7,8,12,10,13,9,8,7,4,4,4,6,5
Memory,78.26483,78.26483,78.26483,78.26483,78.26483,78.26483,78.26483,78.26476,78.26476,78.26483,78.26476,78.26476,78.26483,78.26483,78.26483,78.26483,78.26483,78.26483,78.26483,78.26483,78.26483,78.26483,78.26483,78.26483,78.26483,78.26483,78.26483,78.26483,78.26483,78.26483,78.26483,78.26483,78.26483,78.26483,78.26483,78.26483,78.26486,78.26483,78.26483,78.26483,78.26483,78.26483,78.26476,78.26483,78.26483,78.26483,78.26483,78.26483,78.26483,78.26483,78.26483,78.26483,78.26511,78.26511,78.26511,78.26511,78.26511,78.26511,78.26511,78.26511,78.26511
Chat_Telea,7,7,6,12,9,7,12,14,7,5
Memory,94.25158,94.25158,94.25158,94.25158,94.25097,94.25185,94.25185,94.25208,94.25219,94.25219
Conference_Telea,8,8,10,9,7,7,12,14,12,14,7,4,10,15,9,15,11,8,7,6,7,6,6,6,7,7,8,9,10,12,9,6,6,7,6,7,6,7,7,5,6,6,6,8,7,6,6,5,4,4,4,4,6,8,7,7,7,7,12,7,4
Memory,84.54377,84.54377,84.54377,84.54377,84.54377,84.54377,84.54377,84.54377,84.54377,84.54377,84.54377,84.54377,84.54377,84.54377,84.54377,84.54377,84.54377,84.54377,84.54377,84.54377,84.54377,84.54377,84.54377,84.54377,84.54377,84.54377,84.54377,84.54377,84.54377,84.54377,84.54377,84.54377,84.54377,84.54377,84.54377,84.54377,84.54377,84.54377,84.54377,84.5438,84.54377,84.5438,84.54377,84.54377,84.54377,84.54377,84.54377,84.54377,84.54377,84.54377,84.54377,84.54377,84.54377,84.54377,84.54377,84.54377,84.54377,84.54377,84.54377,84.54404,84.54404
Sponza_Telea,5,4,5,6,6,8,7,6,6,6,5,5,5,6,6,6,6,6,7,6,8,6,7,4,4,5,5,5,6,5,8,5,5,6,6,7,10,6,5,5,5,6,5,5,5,7,5
Memory,75.32242,75.32242,75.32242,75.32242,75.32242,75.32242,75.32242,75.32242,75.32242,75.32242,75.32242,75.32242,75.32242,75.32242,75.32242,75.32242,75.32242,75.32242,75.32242,75.32242,75.32242,75.32242,75.32242,75.32242,75.32245,75.32242,75.32242,75.32242,75.32242,75.32242,75.32242,75.32242,75.32242,75.32242,75.32242,75.32242,75.32242,75.32242,75.32242,75.32242,75.32242,75.32242,75.32242,75.32242,75.32242,75.32242,75.32242
LostEmpire_Telea,5,5,5,4,5,4,4,4,4,4,4,4,4,5,4,5,4,5,8,10,9,6,6,7,10,11,9,10,10,9,9,11,9,8,8,5,6,8,6,6,7,7,8,8,10,8,7,5,8,7,9,8,9,7,6,8,7,5,6,6,6,5,6,9,9,8,8,7,8,6,8,6,6,8,8,5
Memory,74.50697,74.50697,74.50697,74.50697,74.50697,74.50697,74.50697,74.50697,74.50697,74.50697,74.50697,74.50697,74.50697,74.50697,74.50697,74.50697,74.50697,74.50697,74.50697,74.50712,74.50727,74.50727,74.50727,74.50727,74.50727,74.50727,74.50727,74.50727,74.50727,74.50727,74.50727,74.50727,74.50727,74.50727,74.50727,74.50727,74.50727,74.50727,74.50727,74.50727,74.50727,74.50727,74.50727,74.50727,74.50727,74.50727,74.50727,74.50727,74.50727,74.50755,74.50755,74.50755,74.50755,74.50755,74.50755,74.50755,74.50755,74.50755,74.50755,74.50774,74.50774,74.50774,74.50774,74.50774,74.50774,74.50774,74.50774,74.50774,74.50774,74.50774,74.50774,74.50774,74.50774,74.50774,74.50774,74.50774
Prototype_Telea,4,3,3,3,3,4,4,4,4,5,4,3,5,3,3,3,3,4,4,5,4,6,5,3,3,4,6,5,5,6,4,5,4,4,4,4,4,4,4,4,5,3,3,3,4,5,4,3,4,4,3,3,4,4,4,4,5,6,4,4,4,3,4,4,4,3,4,4,4,4,4,4,4,4
Memory,78.85854,78.85846,78.85477,78.85536,78.85536,78.85529,78.85536,78.85536,78.85536,78.84732,78.84732,78.84732,78.84724,78.84724,78.84724,78.84724,78.84732,78.84732,78.84732,78.84732,78.84732,78.84732,78.84732,78.84732,78.84732,78.84732,78.84732,78.84732,78.84732,78.84732,78.84732,78.84732,78.84732,78.84734,78.84732,78.84732,78.84732,78.84732,78.84724,78.84732,78.84732,78.84732,78.84732,78.84724,78.84732,78.84732,78.84732,78.84732,78.84732,78.84732,78.84732,78.84724,78.84732,78.84732,78.84724,78.84732,78.84732,78.84732,78.84732,78.84732,78.84724,78.84732,78.84732,78.84732,78.84732,78.84732,78.84724,78.84732,78.84732,78.84732,78.84732,78.84732,78.84732,78.84732
SciFiCity_Telea,4,4,3,4,6,3,4,5,5,4,5,6,5,6,5,5,5,5,6,5,11,10,9,12,12,12,13,12,9,11,11,10,7,5,6,6,6,8,4,7,5,6,5,4,6,5,5,4,5,8,3,5,8,6,11,5,9,7,9,11,11,9,4,8,10,13,14,14,16,17,14,11,8,9,9,8
Memory,83.08504,83.0818,83.0818,83.0818,83.08192,83.08192,83.08192,83.08192,83.08192,83.08192,83.08192,83.08192,83.08192,83.08192,83.08192,83.08192,83.08192,83.08192,83.08192,83.08192,83.08192,83.08192,83.0822,83.0822,83.0822,83.0822,83.0822,83.0822,83.0822,83.0822,83.0822,83.0822,83.0822,83.0822,83.0822,83.0822,83.0822,83.0822,83.0822,83.0822,83.0822,83.0822,83.0822,83.0822,83.0822,83.0822,83.0822,83.0822,83.0822,83.0822,83.0822,83.0822,83.0822,83.0822,83.0822,83.0822,83.0822,83.0822,83.0822,83.0822,83.0822,83.0822,83.0822,83.0822,83.0822,83.0822,83.0822,83.0822,83.0822,83.0822,83.0822,83.0822,83.0822,83.0822,83.0822,83.0822
UnityChan_Telea,5,4,4,4,4,4,5,4,4,3,4,4,3,3,3,3,3,4,4,4,4,4,4,5,4,4,4,6,5,4,4,4,6,7,7,6,4
Memory,83.34917,83.34167,83.34995,83.34995,83.34995,83.34995,83.34987,83.34995,83.34987,83.34995,83.34995,83.34995,83.34987,83.34987,83.34987,83.34171,83.35007,83.35007,83.35007,83.35007,83.35007,83.35019,83.35011,83.35019,83.35019,83.35019,83.35019,83.35019,83.35019,83.35019,83.35019,83.35019,83.35062,83.35062,83.35075,83.35056,83.35056
Bistro_NS,11,11,10,11,14,11,8,4,3,5,6,5,6,12,12,14,13,13,14,15,15,14,15,13,14,14,8,10,8,11,10,10,8,7,8,9,9,11,13,9,13,17,13,9,9,8,8,7,9,11,13,13,16,12,10,10,7,5,6,8,7
Memory,78.29715,78.29715,78.29715,78.29715,78.29715,78.29715,78.29715,78.29715,78.29707,78.29715,78.29715,78.29715,78.29715,78.29715,78.29715,78.29715,78.29715,78.29715,78.29715,78.29715,78.29715,78.29715,78.29715,78.29715,78.29715,78.29715,78.29715,78.29715,78.29698,78.29698,78.29698,78.29698,78.29698,78.29698,78.29698,78.29698,78.29698,78.29698,78.29698,78.29698,78.30089,78.30089,78.30089,78.30092,78.30089,78.30089,78.30089,78.30089,78.30089,78.30089,78.30089,78.30089,78.30089,78.30089,78.30089,78.30089,78.30089,78.30089,78.30116,78.30116,78.30116
Chat_NS,8,9,7,11,11,10,13,15,10,7
Memory,94.28703,94.28703,94.28703,94.28703,94.28642,94.28731,94.28731,94.2867,94.28767,94.28767
Conference_NS,13,11,13,11,9,9,14,16,14,16,10,6,11,15,10,15,13,11,9,9,9,8,8,8,9,10,11,12,12,14,12,9,8,9,9,10,11,12,12,11,8,11,10,10,12,10,11,13,12,12,11,11,11,15,16,15,15,14,13,18,14,13
Memory,84.57178,84.57178,84.57178,84.57178,84.57178,84.57178,84.57178,84.57178,84.57178,84.57178,84.57178,84.57178,84.57178,84.57178,84.57178,84.57178,84.57178,84.57178,84.57178,84.57178,84.57178,84.57178,84.57178,84.57178,84.57178,84.57178,84.57178,84.57178,84.57178,84.57178,84.57178,84.57178,84.57178,84.57178,84.57178,84.57178,84.57178,84.57178,84.57178,84.57178,84.57178,84.57178,84.57404,84.57401,84.57401,84.57401,84.57401,84.57401,84.57401,84.57401,84.57401,84.57401,84.57401,84.57401,84.57401,84.57401,84.57401,84.57401,84.57401,84.57401,84.57401,84.57401
Sponza_NS,10,10,10,11,13,14,15,13,13,12,11,10,11,11,12,12,11,10,10,13,12,14,15,14,14,11,11,12,12,12,13,12,15,12,11,12,12,13,14,16,13,12,10,12,12,12,12,12,14,11
Memory,75.35231,75.35231,75.35231,75.35231,75.35231,75.35231,75.35231,75.35231,75.35231,75.35231,75.35231,75.35231,75.35231,75.35231,75.35231,75.35231,75.35231,75.35231,75.35231,75.35231,75.35231,75.35231,75.35231,75.35231,75.35231,75.35231,75.35231,75.35231,75.35231,75.35258,75.35258,75.35258,75.35258,75.35258,75.35258,75.35258,75.35258,75.35258,75.35258,75.35258,75.35258,75.35258,75.35258,75.35258,75.35258,75.35258,75.35258,75.35258,75.35258,75.35258
LostEmpire_NS,8,10,9,9,8,10,9,7,8,7,8,9,8,8,7,8,9,8,11,13,16,14,11,10,14,16,18,13,15,16,14,15,17,15,14,15,12,11,14,14,14,13,13,13,14,13,16,15,14,12,13,15,15,17,15,15,12,11,15,15,12,15,15,14,13,15,17,17,15,16,16,16,15,16,15,16,14,16,12
Memory,74.53706,74.53706,74.53706,74.53706,74.53706,74.53706,74.53706,74.53706,74.53706,74.53706,74.53706,74.53706,74.53706,74.53706,74.53706,74.53706,74.53706,74.53706,74.53706,74.53706,74.53475,74.53768,74.53768,74.53768,74.53768,74.53768,74.53768,74.53768,74.53768,74.53768,74.53768,74.53768,74.53796,74.53796,74.53796,74.53796,74.53796,74.53796,74.53796,74.53796,74.53796,74.53799,74.53796,74.53796,74.53796,74.53796,74.53796,74.53796,74.53796,74.53796,74.53796,74.53796,74.53796,74.53796,74.53796,74.53796,74.53796,74.53796,74.53796,74.53796,74.53796,74.53796,74.53796,74.53796,74.53796,74.53788,74.53796,74.53796,74.53796,74.53796,74.53799,74.53796,74.53796,74.53796,74.53796,74.53796,74.53796,74.53823,74.53823
Prototype_NS,8,7,6,6,9,8,12,12,9,10,9,9,12,13,12,9,7,9,8,9,9,11,15,12,7,8,9,13,11,9,11,8,10,10,8,9,10,10,11,10,7,8,13,9,8,5,9,11,9,7,10,8,9,8,8,10,12,8,10,9,12,11,14,8,8,8,10,10,8,7,7,10,11,11,10,12,9,9
Memory,78.88579,78.88579,78.88579,78.88579,78.88579,78.88579,78.88579,78.88579,78.88579,78.87779,78.87779,78.87779,78.87779,78.87779,78.87779,78.87779,78.87779,78.87779,78.87779,78.87779,78.87779,78.87779,78.87779,78.87779,78.87779,78.87779,78.87779,78.87779,78.87779,78.87779,78.87779,78.87779,78.87779,78.87779,78.87779,78.87779,78.87779,78.87779,78.87779,78.87779,78.87779,78.87779,78.87779,78.87779,78.87779,78.87779,78.87779,78.87779,78.87779,78.87779,78.87779,78.87779,78.87779,78.87779,78.87779,78.87779,78.87779,78.87779,78.87779,78.87779,78.87779,78.87807,78.87807,78.87807,78.87807,78.8781,78.87807,78.87807,78.87807,78.87807,78.87807,78.87807,78.87807,78.87807,78.87807,78.87807,78.87807,78.87807
SciFiCity_NS,8,11,10,9,15,8,10,13,10,14,11,11,13,11,14,11,12,9,9,14,12,15,14,15,16,16,15,16,17,15,14,18,16,12,9,10,11,12,11,13,7,10,11,12,10,8,10,10,11,8,9,9,10,8,13,10,13,13,9,14,7,14,14,13,14,11,12,15,16,15,16,17,19,15,13,12,14,11,12
Memory,83.11113,83.11113,83.11113,83.11113,83.11113,83.11125,83.11125,83.11125,83.11125,83.11125,83.11125,83.11125,83.11125,83.11125,83.11125,83.11125,83.11125,83.11125,83.11125,83.11125,83.11125,83.11125,83.11125,83.11125,83.11125,83.11125,83.11125,83.11125,83.11125,83.11125,83.11125,83.11125,83.11125,83.11125,83.11125,83.11153,83.11153,83.11153,83.11153,83.11153,83.11153,83.11153,83.11153,83.11153,83.11153,83.11153,83.11153,83.11153,83.11153,83.11153,83.11153,83.11153,83.11153,83.11153,83.11153,83.11153,83.11153,83.11153,83.11153,83.11153,83.11153,83.11153,83.11153,83.11153,83.11153,83.11153,83.11153,83.11153,83.11153,83.11153,83.11153,83.11153,83.11153,83.11215,83.11215,83.11215,83.11215,83.11215,83.11215
UnityChan_NS,6,9,8,6,6,7,7,6,7,7,7,6,6,4,5,5,5,5,7,10,9,10,10,8,9,7,9,11,9,9,10,9,7,10,13,12,11,8
Memory,83.37912,83.37054,83.37883,83.37883,83.37883,83.37883,83.37883,83.37076,83.37895,83.37895,83.37932,83.37932,83.37932,83.37932,83.37932,83.37932,83.37932,83.37932,83.37932,83.37952,83.37952,83.37142,83.37962,83.37962,83.37962,83.37962,83.37962,83.37962,83.37962,83.37962,83.37962,83.37962,83.37962,83.38004,83.38004,83.38004,83.38004,83.38004
Bistro_GAN,22862,45668,68572,91499,114237,136987,159693,182349,205116,227785,250500
Memory,189.1914,189.1914,189.1914,189.1914,189.1914,189.1914,189.1914,189.1914,189.1914,189.1914,189.1914
Chat_GAN,22981,22503,22721,22729,22766,22652,22607,22665,22517,22801
Memory,178.1914,178.1914,178.1914,178.1914,178.1914,178.1914,178.1914,178.1914,178.1914,178.1914
Conference_GAN,22541,22622,22683,22570,22694,22626,22796,22466,22924,22641,22828
Memory,153.1914,169.1914,169.1914,169.1914,169.1914,169.1914,169.1914,169.1914,169.1914,169.1914,169.1914
LostEmpire_GAN,22271,22403,22416,22416,22260,22307,22310,22400,22326,22383,22366
Memory,145.1914,145.1914,145.1914,145.1914,145.1914,145.1914,145.1914,145.1914,145.1914,145.1914,145.1914
Prototype_GAN,22976,22885,22969,22968,23036,22985,22993,23245,23157,22955,22992
Memory,154.2539,170.2539,170.2539,170.2539,170.2539,170.2539,170.2539,170.2539,170.2539,170.2539,170.2539
SciFiCity_GAN,22324,22214,22260,22192,22375,22221,22289,22223,22212,22262,22114
Memory,158.2539,158.2539,158.2539,158.2539,158.2539,158.2539,158.2539,158.2539,158.2539,158.2539,158.2539
Sponza_GAN,22995,22999,23120,22890,23168,22816,22836,23043,23226,23351,22874
Memory,148.1914,148.1914,148.1914,148.1914,148.1914,148.1914,148.1914,148.1914,148.1914,148.1914,148.1914
UnityChan_GAN,23060,23307,22812,22971,22833,23200,23020,23036,22832,22912,22833
Memory,154.1914,170.1914,170.1914,170.1914,170.1914,170.1914,170.1914,170.1914,170.1914,170.1914,170.1914